MSHX1
GROUPS 27
LABEL box
MATERIAL 1
TEXTURE 1
GEOM 11662 6908 ; box
-1621.99 3 1177 0 0 -1 0.00258044 -0.0594976
-1621.99 3 1177 -1 0 0 0.160365 -0.0594976
-1590.99 3 1178 0 -1 0 0.0815251 -0.0570333
-1590.99 3 1178 0 0 1 0.0815251 -0.0570333
-1590.99 3 1178 -1 0 0 0.0815251 -0.0570333
-1620.99 3 1177 1 0 0 0.160417 -0.0570333
-1620.99 3 1177 0 -1 0 0.160417 -0.0570333
-1620.99 3 1177 0 0 -1 0.00263279 -0.0570333
-1590.99 3 1177 0 -1 0 0.237636 -0.0570333
-1590.99 3 1177 0 0 -1 0.0798515 -0.0570333
-1590.99 3 1177 -1 0 0 0.0798515 -0.0570333
-1621.99 3 1178 0 0 1 0.158796 -0.0594976
-1621.99 3 1178 -1 0 0 0.158796 -0.0594976
-1589.99 3 1177 1 0 0 0.0799039 -0.0594976
-1589.99 3 1177 0 0 -1 0.0799039 -0.0594976
-1589.99 3 1178 1 0 0 0.0814728 -0.0594976
-1589.99 3 1178 0 0 1 0.0814728 -0.0594976
-1589.99 11 1178 1 0 0 0.0814728 -0.17762
-1589.99 11 1178 0 0 1 0.0814728 -0.17762
-1589.99 11 1178 0 1 0 0.0814728 -0.17762
-1589.99 11 1177 1 0 0 0.0799038 -0.17762
-1589.99 11 1177 0 1 0 0.237688 -0.17762
-1589.99 0 1177 1 0 0 0.0799038 -0.0167034
-1589.99 0 1177 0 -1 0 0.0799038 -0.0167034
-1589.99 0 1177 0 0 -1 0.0799038 -0.0167034
-1621.99 11 1178 0 0 1 0.158796 -0.17762
-1621.99 11 1178 0 1 0 0.158796 -0.17762
-1621.99 11 1178 -1 0 0 0.158796 -0.17762
-1589.99 0 1178 1 0 0 0.0814729 -0.0167034
-1589.99 0 1178 0 -1 0 0.0814729 -0.0167034
-1589.99 0 1178 0 0 1 0.0814729 -0.0167034
-1590.99 0 1177 0 -1 0 0.0798515 -0.0117634
-1590.99 0 1177 0 0 -1 0.0798515 -0.0117634
-1590.99 0 1177 -1 0 0 0.0798515 -0.0117634
-1621.99 11 1177 0 1 0 0.160365 -0.17762
-1621.99 11 1177 -1 0 0 0.160365 -0.17762
-1621.99 0 1177 0 -1 0 0.160365 -0.0167034
-1621.99 0 1177 0 0 -1 0.00258053 -0.0167034
-1621.99 0 1177 -1 0 0 0.160365 -0.0167034
-1590.99 0 1178 0 -1 0 0.0815251 -0.0117634
-1590.99 0 1178 0 0 1 0.0815251 -0.0117634
-1590.99 0 1178 -1 0 0 0.0815251 -0.0117634
-1620.99 0 1178 1 0 0 0.158744 -0.0117634
-1620.99 0 1178 0 -1 0 0.158744 -0.0117634
-1620.99 0 1178 0 0 1 0.158744 -0.0117634
-1621.99 0 1178 0 -1 0 0.158796 -0.0167034
-1621.99 0 1178 0 0 1 0.158796 -0.0167034
-1621.99 0 1178 -1 0 0 0.158796 -0.0167034
-2388.25 3 466.04 0.708628 0 -0.705582 0.00263279 -0.0570333
-2388.25 3 466.04 0.70354 0 0.710656 0.160417 -0.0570333
-2388.25 3 466.04 0 -1 0 0.160417 -0.0570333
-1620.99 0 1177 1 0 0 0.160417 -0.0117634
-1620.99 0 1177 0 -1 0 0.160417 -0.0117634
-1620.99 0 1177 0 0 -1 0.00263279 -0.0117634
-2388.95 3 465.33 0.708628 0 -0.705582 0.00258044 -0.0594976
-2388.95 3 465.33 -0.708628 0 -0.705582 0.160365 -0.0594976
-2367.03 3 487.25 0.708567 0 -0.705643 0.0798515 -0.0570333
-2367.03 3 487.25 0 -1 0 0.237636 -0.0570333
-2367.03 3 487.25 -0.708567 0 -0.705643 0.0798515 -0.0570333
-2388.95 3 466.74 0.70354 0 0.710656 0.158744 -0.0570333
-2388.95 3 466.74 0 -1 0 0.158744 -0.0570333
-2388.95 3 466.74 -0.703555 -8.1333e-005 0.710641 0.158744 -0.0570333
-2389.66 3 466.04 -0.703555 -8.1333e-005 0.710641 0.158796 -0.0594976
-2389.66 3 466.04 -0.708628 0 -0.705582 0.158796 -0.0594976
-2367.74 3 487.96 0 -1 0 0.0815251 -0.0570333
-2367.74 3 487.96 -0.703586 -8.1333e-005 0.71061 0.0815251 -0.0570333
-2367.74 3 487.96 -0.708567 0 -0.705643 0.0815251 -0.0570333
-2367.03 3 488.66 0.703602 0 0.710595 0.0814728 -0.0594976
-2367.03 3 488.66 -0.703586 -8.1333e-005 0.71061 0.0814728 -0.0594976
-4786 3 704.498 1 0 0 0.0815251 -0.0570333
-4786 3 704.498 0 -1 0 0.0815251 -0.0570333
-4786 3 704.498 0 0 -1 0.0815251 -0.0570333
-4755 3 705.498 1 0 0 0.160365 -0.0594976
-4755 3 705.498 0 0 1 0.00258044 -0.0594976
-4519 3 704.498 1 0 0 0.158796 -0.0594976
-4519 3 704.498 0 0 -1 0.158796 -0.0594976
-4551 3 704.498 0 0 -1 0.0814728 -0.0594976
-4551 3 704.498 -1 0 0 0.0814728 -0.0594976
-4551 3 705.498 0 0 1 0.0799039 -0.0594976
-4551 3 705.498 -1 0 0 0.0799039 -0.0594976
-4551 11 705.498 0 1 0 0.237688 -0.17762
-4551 11 705.498 -1 0 0 0.0799038 -0.17762
-4551 11 704.498 0 0 -1 0.0814728 -0.17762
-4551 11 704.498 0 1 0 0.0814728 -0.17762
-4551 11 704.498 -1 0 0 0.0814728 -0.17762
-4519 11 704.498 1 0 0 0.158796 -0.17762
-4519 11 704.498 0 0 -1 0.158796 -0.17762
-4519 11 704.498 0 1 0 0.158796 -0.17762
-4519 11 705.498 1 0 0 0.160365 -0.17762
-4519 11 705.498 0 1 0 0.160365 -0.17762
-4551 0 705.498 0 -1 0 0.0799038 -0.0167034
-4551 0 705.498 0 0 1 0.0799038 -0.0167034
-4551 0 705.498 -1 0 0 0.0799038 -0.0167034
-4550 0 705.498 1 0 0 0.0798515 -0.0117634
-4550 0 705.498 0 -1 0 0.0798515 -0.0117634
-4550 0 705.498 0 0 1 0.0798515 -0.0117634
-4550 0 704.498 1 0 0 0.0815251 -0.0117634
-4550 0 704.498 0 -1 0 0.0815251 -0.0117634
-4550 0 704.498 0 0 -1 0.0815251 -0.0117634
-4551 0 704.498 0 -1 0 0.0814729 -0.0167034
-4551 0 704.498 0 0 -1 0.0814729 -0.0167034
-4551 0 704.498 -1 0 0 0.0814729 -0.0167034
-4519 0 705.498 1 0 0 0.160365 -0.0167034
-4519 0 705.498 0 -1 0 0.160365 -0.0167034
-4519 0 705.498 0 0 1 0.00258053 -0.0167034
-4519 0 704.498 1 0 0 0.158796 -0.0167034
-4519 0 704.498 0 -1 0 0.158796 -0.0167034
-4519 0 704.498 0 0 -1 0.158796 -0.0167034
-4520 0 704.498 0 -1 0 0.158744 -0.0117634
-4520 0 704.498 0 0 -1 0.158744 -0.0117634
-4520 0 704.498 -1 0 0 0.158744 -0.0117634
-4520 0 705.498 0 -1 0 0.160417 -0.0117634
-4520 0 705.498 0 0 1 0.00263279 -0.0117634
-4520 0 705.498 -1 0 0 0.160417 -0.0117634
-4550 3 705.498 1 0 0 0.0798515 -0.0570333
-4550 3 705.498 0 -1 0 0.237636 -0.0570333
-4550 3 705.498 0 0 1 0.0798515 -0.0570333
-4520 3 704.498 0 -1 0 0.158744 -0.0570333
-4520 3 704.498 0 0 -1 0.158744 -0.0570333
-4520 3 704.498 -1 0 0 0.158744 -0.0570333
-2309.92 0 692.988 0.707198 0 0.707015 0.0798515 -0.0117634
-2309.92 0 692.988 0 -1 0 0.0798515 -0.0117634
-2309.92 0 692.988 -0.707076 0 0.707137 0.0798515 -0.0117634
-4519 3 705.498 1 0 0 0.160365 -0.0594976
-4519 3 705.498 0 0 1 0.00258044 -0.0594976
-2297.19 0 705.716 0 -1 0 0.160417 -0.0117634
-2297.19 0 705.716 -0.707107 0 -0.707107 0.160417 -0.0117634
-2297.19 0 705.716 -0.707595 0 0.706619 0.00263279 -0.0117634
-2296.49 0 706.424 0.707595 0 0.706619 0.160365 -0.0167034
-2296.49 0 706.424 0 -1 0 0.160365 -0.0167034
-2296.49 0 706.424 -0.707595 0 0.706619 0.00258053 -0.0167034
-2309.22 0 692.281 0.707229 0 -0.706985 0.0815251 -0.0117634
-2309.22 0 692.281 0.707198 0 0.707015 0.0815251 -0.0117634
-2309.22 0 692.281 0 -1 0 0.0815251 -0.0117634
-2296.49 0 705.009 0.707107 0 -0.707107 0.158744 -0.0117634
-2296.49 0 705.009 0 -1 0 0.158744 -0.0117634
-2296.49 0 705.009 -0.707107 0 -0.707107 0.158744 -0.0117634
-4550 3 704.498 1 0 0 0.0815251 -0.0570333
-4550 3 704.498 0 -1 0 0.0815251 -0.0570333
-4550 3 704.498 0 0 -1 0.0815251 -0.0570333
-2309.92 0 691.574 0.707229 0 -0.706985 0.0814729 -0.0167034
-2309.92 0 691.574 0 -1 0 0.0814729 -0.0167034
-2309.92 0 691.574 -0.707107 0 -0.707107 0.0814729 -0.0167034
-2295.78 0 705.716 0.707595 0 0.706619 0.158796 -0.0167034
-2295.78 0 705.716 0.707107 0 -0.707107 0.158796 -0.0167034
-2295.78 0 705.716 0 -1 0 0.158796 -0.0167034
-4520 3 705.498 0 -1 0 0.160417 -0.0570333
-4520 3 705.498 0 0 1 0.00263279 -0.0570333
-4520 3 705.498 -1 0 0 0.160417 -0.0570333
-4787 3 705.498 0 0 1 0.0799039 -0.0594976
-4787 3 705.498 -1 0 0 0.0799039 -0.0594976
-4787 11 704.498 0 0 -1 0.0814728 -0.17762
-4787 11 704.498 0 1 0 0.0814728 -0.17762
-4787 11 704.498 -1 0 0 0.0814728 -0.17762
-4787 11 705.498 0 1 0 0.237688 -0.17762
-4787 11 705.498 -1 0 0 0.0799038 -0.17762
-4787 0 705.498 0 -1 0 0.0799038 -0.0167034
-4787 0 705.498 0 0 1 0.0799038 -0.0167034
-4787 0 705.498 -1 0 0 0.0799038 -0.0167034
-4755 11 704.498 1 0 0 0.158796 -0.17762
-4755 11 704.498 0 0 -1 0.158796 -0.17762
-4755 11 704.498 0 1 0 0.158796 -0.17762
-4755 11 705.498 1 0 0 0.160365 -0.17762
-4755 11 705.498 0 1 0 0.160365 -0.17762
-4786 0 704.498 1 0 0 0.0815251 -0.0117634
-4786 0 704.498 0 -1 0 0.0815251 -0.0117634
-4786 0 704.498 0 0 -1 0.0815251 -0.0117634
-4786 0 705.498 1 0 0 0.0798515 -0.0117634
-4786 0 705.498 0 -1 0 0.0798515 -0.0117634
-4786 0 705.498 0 0 1 0.0798515 -0.0117634
-4787 0 704.498 0 -1 0 0.0814729 -0.0167034
-4787 0 704.498 0 0 -1 0.0814729 -0.0167034
-4787 0 704.498 -1 0 0 0.0814729 -0.0167034
-4756 0 704.498 0 -1 0 0.158744 -0.0117634
-4756 0 704.498 0 0 -1 0.158744 -0.0117634
-4756 0 704.498 -1 0 0 0.158744 -0.0117634
-4756 0 705.498 0 -1 0 0.160417 -0.0117634
-4756 0 705.498 0 0 1 0.00263279 -0.0117634
-4756 0 705.498 -1 0 0 0.160417 -0.0117634
-4755 0 704.498 1 0 0 0.158796 -0.0167034
-4755 0 704.498 0 -1 0 0.158796 -0.0167034
-4755 0 704.498 0 0 -1 0.158796 -0.0167034
-4755 0 705.498 1 0 0 0.160365 -0.0167034
-4755 0 705.498 0 -1 0 0.160365 -0.0167034
-4755 0 705.498 0 0 1 0.00258053 -0.0167034
-4755 3 704.498 1 0 0 0.158796 -0.0594976
-4755 3 704.498 0 0 -1 0.158796 -0.0594976
-4787 3 704.498 0 0 -1 0.0814728 -0.0594976
-4787 3 704.498 -1 0 0 0.0814728 -0.0594976
-4786 3 705.498 1 0 0 0.0798515 -0.0570333
-4786 3 705.498 0 -1 0 0.237636 -0.0570333
-4786 3 705.498 0 0 1 0.0798515 -0.0570333
-4756 3 705.498 0 -1 0 0.160417 -0.0570333
-4756 3 705.498 0 0 1 0.00263279 -0.0570333
-4756 3 705.498 -1 0 0 0.160417 -0.0570333
-4756 3 704.498 0 -1 0 0.158744 -0.0570333
-4756 3 704.498 0 0 -1 0.158744 -0.0570333
-4756 3 704.498 -1 0 0 0.158744 -0.0570333
-2082.94 11 465.33 0.703602 0 -0.710595 0.0799038 -0.17762
-2082.94 11 465.33 0 1 0 0.237688 -0.17762
-2203.33 0 487.96 0.708689 0 -0.705521 0.0799038 -0.0167034
-2203.33 0 487.96 0.703724 0 0.710473 0.0799038 -0.0167034
-2203.33 0 487.96 0 -1 0 0.0799038 -0.0167034
-2104.85 3 488.66 0.708613 -8.07584e-005 0.705598 0.158796 -0.0594976
-2104.85 3 488.66 -0.708628 0 0.705582 0.158796 -0.0594976
-2104.85 3 487.25 0.70354 0 -0.710656 0.160417 -0.0570333
-2104.85 3 487.25 0 -1 0 0.160417 -0.0570333
-2104.85 3 487.25 -0.70354 0 -0.710656 0.00263279 -0.0570333
-2082.94 3 466.74 0.708582 -8.07584e-005 0.705628 0.0815251 -0.0570333
-2082.94 3 466.74 0 -1 0 0.0815251 -0.0570333
-2082.94 3 466.74 -0.708567 0 0.705643 0.0815251 -0.0570333
-2105.56 3 487.95 -0.70354 0 -0.710656 0.00258044 -0.0594976
-2105.56 3 487.95 -0.708628 0 0.705582 0.160365 -0.0594976
-2104.15 3 487.95 0.708613 -8.07584e-005 0.705598 0.158744 -0.0570333
-2104.15 3 487.95 0.70354 0 -0.710656 0.158744 -0.0570333
-2104.15 3 487.95 0 -1 0 0.158744 -0.0570333
-2083.64 3 466.03 0 -1 0 0.237636 -0.0570333
-2083.64 3 466.03 -0.703602 0 -0.710595 0.0798515 -0.0570333
-2083.64 3 466.03 -0.708567 0 0.705643 0.0798515 -0.0570333
-2225.95 11 465.33 0 1 0 0.160365 -0.17762
-2225.95 11 465.33 -0.708628 0 -0.705582 0.160365 -0.17762
-1944.25 3 487.95 0.708628 -1.20834e-008 0.705582 0.158744 -0.0570333
-1944.25 3 487.95 0.70354 0 -0.710656 0.158744 -0.0570333
-1944.25 3 487.95 0 -1 0 0.158744 -0.0570333
-2226.66 11 466.04 0 1 0 0.158796 -0.17762
-2226.66 11 466.04 -0.703571 -0.000162666 0.710625 0.158796 -0.17762
-2226.66 11 466.04 -0.708628 0 -0.705582 0.158796 -0.17762
-1944.96 3 487.25 0.70354 0 -0.710656 0.160417 -0.0570333
-1944.96 3 487.25 0 -1 0 0.160417 -0.0570333
-1944.96 3 487.25 -0.703601 0 -0.710595 0.00263279 -0.0570333
-2204.03 11 488.66 0.703724 0 0.710473 0.0814728 -0.17762
-2204.03 11 488.66 0 1 0 0.0814728 -0.17762
-2204.03 11 488.66 -0.703571 -0.000162666 0.710625 0.0814728 -0.17762
-1923.74 3 466.03 0 -1 0 0.237636 -0.0570333
-1923.74 3 466.03 -0.703602 0 -0.710595 0.0798515 -0.0570333
-1923.74 3 466.03 -0.708567 0 0.705643 0.0798515 -0.0570333
-2082.23 3 466.03 0.708582 -8.07584e-005 0.705628 0.0814728 -0.0594976
-2082.23 3 466.03 0.703602 0 -0.710595 0.0814728 -0.0594976
-2104.85 11 488.66 0.708598 -0.000161517 0.705613 0.158796 -0.17762
-2104.85 11 488.66 0 1 0 0.158796 -0.17762
-2104.85 11 488.66 -0.708628 0 0.705582 0.158796 -0.17762
-2204.03 0 487.25 0.708689 0 -0.705521 0.0798515 -0.0117634
-2204.03 0 487.25 0 -1 0 0.0798515 -0.0117634
-2204.03 0 487.25 -0.708567 0 -0.705643 0.0798515 -0.0117634
-2082.94 3 465.33 0.703602 0 -0.710595 0.0799039 -0.0594976
-2082.94 3 465.33 -0.703602 0 -0.710595 0.0799039 -0.0594976
-2105.56 11 487.95 0 1 0 0.160365 -0.17762
-2105.56 11 487.95 -0.708628 0 0.705582 0.160365 -0.17762
-2082.23 11 466.03 0.708598 -0.000161517 0.705613 0.0814728 -0.17762
-2082.23 11 466.03 0.703602 0 -0.710595 0.0814728 -0.17762
-2082.23 11 466.03 0 1 0 0.0814728 -0.17762
-2226.66 0 466.04 0 -1 0 0.158796 -0.0167034
-2226.66 0 466.04 -0.70354 0 0.710656 0.158796 -0.0167034
-2226.66 0 466.04 -0.708628 0 -0.705582 0.158796 -0.0167034
-2204.74 0 487.96 0 -1 0 0.0815251 -0.0117634
-2204.74 0 487.96 -0.703602 0 0.710595 0.0815251 -0.0117634
-2204.74 0 487.96 -0.708567 0 -0.705643 0.0815251 -0.0117634
-2225.95 0 465.33 0.708628 0 -0.705582 0.00258053 -0.0167034
-2225.95 0 465.33 0 -1 0 0.160365 -0.0167034
-2225.95 0 465.33 -0.708628 0 -0.705582 0.160365 -0.0167034
-2082.94 0 465.33 0.703602 0 -0.710595 0.0799038 -0.0167034
-2082.94 0 465.33 0 -1 0 0.0799038 -0.0167034
-2082.94 0 465.33 -0.703602 0 -0.710595 0.0799038 -0.0167034
-2388.25 0 466.04 0.708628 0 -0.705582 0.00263279 -0.0117634
-2388.25 0 466.04 0.70354 0 0.710656 0.160417 -0.0117634
-2388.25 0 466.04 0 -1 0 0.160417 -0.0117634
-2225.95 0 466.74 0.70354 0 0.710656 0.158744 -0.0117634
-2225.95 0 466.74 0 -1 0 0.158744 -0.0117634
-2225.95 0 466.74 -0.70354 0 0.710656 0.158744 -0.0117634
-2204.03 0 488.66 0.703724 0 0.710473 0.0814729 -0.0167034
-2204.03 0 488.66 0 -1 0 0.0814729 -0.0167034
-2204.03 0 488.66 -0.703602 0 0.710595 0.0814729 -0.0167034
-2083.64 0 466.03 0 -1 0 0.0798515 -0.0117634
-2083.64 0 466.03 -0.703602 0 -0.710595 0.0798515 -0.0117634
-2083.64 0 466.03 -0.708567 0 0.705643 0.0798515 -0.0117634
-2225.25 0 466.04 0.708628 0 -0.705582 0.00263279 -0.0117634
-2225.25 0 466.04 0.70354 0 0.710656 0.160417 -0.0117634
-2225.25 0 466.04 0 -1 0 0.160417 -0.0117634
-2105.56 0 487.95 0 -1 0 0.160365 -0.0167034
-2105.56 0 487.95 -0.70354 0 -0.710656 0.00258053 -0.0167034
-2105.56 0 487.95 -0.708628 0 0.705582 0.160365 -0.0167034
-2082.94 0 466.74 0.708567 0 0.705643 0.0815251 -0.0117634
-2082.94 0 466.74 0 -1 0 0.0815251 -0.0117634
-2082.94 0 466.74 -0.708567 0 0.705643 0.0815251 -0.0117634
-2104.15 0 487.95 0.708628 0 0.705582 0.158744 -0.0117634
-2104.15 0 487.95 0.70354 0 -0.710656 0.158744 -0.0117634
-2104.15 0 487.95 0 -1 0 0.158744 -0.0117634
-2104.85 0 488.66 0.708628 0 0.705582 0.158796 -0.0167034
-2104.85 0 488.66 0 -1 0 0.158796 -0.0167034
-2104.85 0 488.66 -0.708628 0 0.705582 0.158796 -0.0167034
-2082.23 0 466.03 0.708567 0 0.705643 0.0814729 -0.0167034
-2082.23 0 466.03 0.703602 0 -0.710595 0.0814729 -0.0167034
-2082.23 0 466.03 0 -1 0 0.0814729 -0.0167034
-2104.85 0 487.25 0.70354 0 -0.710656 0.160417 -0.0117634
-2104.85 0 487.25 0 -1 0 0.160417 -0.0117634
-2104.85 0 487.25 -0.70354 0 -0.710656 0.00263279 -0.0117634
-2388.95 0 466.74 0.70354 0 0.710656 0.158744 -0.0117634
-2388.95 0 466.74 0 -1 0 0.158744 -0.0117634
-2388.95 0 466.74 -0.70354 0 0.710656 0.158744 -0.0117634
-2067.66 0 466.04 0 -1 0 0.158796 -0.0167034
-2067.66 0 466.04 -0.70354 0 0.710656 0.158796 -0.0167034
-2067.66 0 466.04 -0.708628 0 -0.705582 0.158796 -0.0167034
-2066.25 0 466.04 0.708628 0 -0.705582 0.00263279 -0.0117634
-2066.25 0 466.04 0.70354 0 0.710656 0.160417 -0.0117634
-2066.25 0 466.04 0 -1 0 0.160417 -0.0117634
-2388.95 0 465.33 0.708628 0 -0.705582 0.00258053 -0.0167034
-2388.95 0 465.33 0 -1 0 0.160365 -0.0167034
-2388.95 0 465.33 -0.708628 0 -0.705582 0.160365 -0.0167034
-2389.66 0 466.04 0 -1 0 0.158796 -0.0167034
-2389.66 0 466.04 -0.70354 0 0.710656 0.158796 -0.0167034
-2389.66 0 466.04 -0.708628 0 -0.705582 0.158796 -0.0167034
-2066.95 0 466.74 0.70354 0 0.710656 0.158744 -0.0117634
-2066.95 0 466.74 0 -1 0 0.158744 -0.0117634
-2066.95 0 466.74 -0.70354 0 0.710656 0.158744 -0.0117634
-2367.03 0 488.66 0.703602 0 0.710595 0.0814729 -0.0167034
-2367.03 0 488.66 0 -1 0 0.0814729 -0.0167034
-2367.03 0 488.66 -0.703602 0 0.710595 0.0814729 -0.0167034
-2066.95 0 465.33 0.708628 0 -0.705582 0.00258053 -0.0167034
-2066.95 0 465.33 0 -1 0 0.160365 -0.0167034
-2066.95 0 465.33 -0.708628 0 -0.705582 0.160365 -0.0167034
-2045.03 0 488.66 0.703663 0 0.710534 0.0814729 -0.0167034
-2045.03 0 488.66 0 -1 0 0.0814729 -0.0167034
-2045.03 0 488.66 -0.703602 0 0.710595 0.0814729 -0.0167034
-2367.74 0 487.96 0 -1 0 0.0815251 -0.0117634
-2367.74 0 487.96 -0.703602 0 0.710595 0.0815251 -0.0117634
-2367.74 0 487.96 -0.708567 0 -0.705643 0.0815251 -0.0117634
-2044.33 0 487.96 0.708628 0 -0.705582 0.0799038 -0.0167034
-2044.33 0 487.96 0.703663 0 0.710534 0.0799038 -0.0167034
-2044.33 0 487.96 0 -1 0 0.0799038 -0.0167034
-2045.74 0 487.96 0 -1 0 0.0815251 -0.0117634
-2045.74 0 487.96 -0.703602 0 0.710595 0.0815251 -0.0117634
-2045.74 0 487.96 -0.708567 0 -0.705643 0.0815251 -0.0117634
-2367.03 0 487.25 0.708567 0 -0.705643 0.0798515 -0.0117634
-2367.03 0 487.25 0 -1 0 0.0798515 -0.0117634
-2367.03 0 487.25 -0.708567 0 -0.705643 0.0798515 -0.0117634
-2066.95 11 465.33 0 1 0 0.160365 -0.17762
-2066.95 11 465.33 -0.708628 0 -0.705582 0.160365 -0.17762
-2045.03 0 487.25 0.708628 0 -0.705582 0.0798515 -0.0117634
-2045.03 0 487.25 0 -1 0 0.0798515 -0.0117634
-2045.03 0 487.25 -0.708567 0 -0.705643 0.0798515 -0.0117634
-2045.03 11 488.66 0.703663 0 0.710534 0.0814728 -0.17762
-2045.03 11 488.66 0 1 0 0.0814728 -0.17762
-2045.03 11 488.66 -0.703571 -0.000162666 0.710625 0.0814728 -0.17762
-2067.66 11 466.04 0 1 0 0.158796 -0.17762
-2067.66 11 466.04 -0.703571 -0.000162666 0.710625 0.158796 -0.17762
-2067.66 11 466.04 -0.708628 0 -0.705582 0.158796 -0.17762
-2044.33 3 487.96 0.708628 0 -0.705582 0.0799039 -0.0594976
-2044.33 3 487.96 0.703663 0 0.710534 0.0799039 -0.0594976
-2044.33 11 487.96 0.703663 0 0.710534 0.0799038 -0.17762
-2044.33 11 487.96 0 1 0 0.237688 -0.17762
-2388.95 11 465.33 0 1 0 0.160365 -0.17762
-2388.95 11 465.33 -0.708628 0 -0.705582 0.160365 -0.17762
-2366.33 0 487.96 0.708567 0 -0.705643 0.0799038 -0.0167034
-2366.33 0 487.96 0.703602 0 0.710595 0.0799038 -0.0167034
-2366.33 0 487.96 0 -1 0 0.0799038 -0.0167034
-2066.95 3 465.33 0.708628 0 -0.705582 0.00258044 -0.0594976
-2066.95 3 465.33 -0.708628 0 -0.705582 0.160365 -0.0594976
-2067.66 3 466.04 -0.703555 -8.1333e-005 0.710641 0.158796 -0.0594976
-2067.66 3 466.04 -0.708628 0 -0.705582 0.158796 -0.0594976
-2045.03 3 488.66 0.703663 0 0.710534 0.0814728 -0.0594976
-2045.03 3 488.66 -0.703586 -8.1333e-005 0.71061 0.0814728 -0.0594976
-2367.03 11 488.66 0.703602 0 0.710595 0.0814728 -0.17762
-2367.03 11 488.66 0 1 0 0.0814728 -0.17762
-2367.03 11 488.66 -0.703571 -0.000162666 0.710625 0.0814728 -0.17762
-2389.66 11 466.04 0 1 0 0.158796 -0.17762
-2389.66 11 466.04 -0.703571 -0.000162666 0.710625 0.158796 -0.17762
-2389.66 11 466.04 -0.708628 0 -0.705582 0.158796 -0.17762
-2045.74 3 487.96 0 -1 0 0.0815251 -0.0570333
-2045.74 3 487.96 -0.703586 -8.1333e-005 0.71061 0.0815251 -0.0570333
-2045.74 3 487.96 -0.708567 0 -0.705643 0.0815251 -0.0570333
-2045.03 3 487.25 0.708628 0 -0.705582 0.0798515 -0.0570333
-2045.03 3 487.25 0 -1 0 0.237636 -0.0570333
-2045.03 3 487.25 -0.708567 0 -0.705643 0.0798515 -0.0570333
-1922.33 11 466.03 0.708628 -2.41668e-008 0.705582 0.0814728 -0.17762
-1922.33 11 466.03 0.703663 0 -0.710534 0.0814728 -0.17762
-1922.33 11 466.03 0 1 0 0.0814728 -0.17762
-2366.33 3 487.96 0.708567 0 -0.705643 0.0799039 -0.0594976
-2366.33 3 487.96 0.703602 0 0.710595 0.0799039 -0.0594976
-2244.03 0 465.33 0.703724 0 -0.710473 0.0799038 -0.0167034
-2244.03 0 465.33 0 -1 0 0.0799038 -0.0167034
-2244.03 0 465.33 -0.703602 0 -0.710595 0.0799038 -0.0167034
-2244.74 0 466.03 0 -1 0 0.0798515 -0.0117634
-2244.74 0 466.03 -0.703602 0 -0.710595 0.0798515 -0.0117634
-2244.74 0 466.03 -0.708567 0 0.705643 0.0798515 -0.0117634
-2244.03 0 466.74 0.708689 0 0.705521 0.0815251 -0.0117634
-2244.03 0 466.74 0 -1 0 0.0815251 -0.0117634
-2244.03 0 466.74 -0.708567 0 0.705643 0.0815251 -0.0117634
-2243.33 0 466.03 0.708689 0 0.705521 0.0814729 -0.0167034
-2243.33 0 466.03 0.703724 0 -0.710473 0.0814729 -0.0167034
-2243.33 0 466.03 0 -1 0 0.0814729 -0.0167034
-2366.33 11 487.96 0.703602 0 0.710595 0.0799038 -0.17762
-2366.33 11 487.96 0 1 0 0.237688 -0.17762
-2225.95 3 466.74 0.70354 0 0.710656 0.158744 -0.0570333
-2225.95 3 466.74 0 -1 0 0.158744 -0.0570333
-2225.95 3 466.74 -0.703555 -8.1333e-005 0.710641 0.158744 -0.0570333
-2066.95 3 466.74 0.70354 0 0.710656 0.158744 -0.0570333
-2066.95 3 466.74 0 -1 0 0.158744 -0.0570333
-2066.95 3 466.74 -0.703555 -8.1333e-005 0.710641 0.158744 -0.0570333
-2066.25 3 466.04 0.708628 0 -0.705582 0.00263279 -0.0570333
-2066.25 3 466.04 0.70354 0 0.710656 0.160417 -0.0570333
-2066.25 3 466.04 0 -1 0 0.160417 -0.0570333
-2225.25 3 466.04 0.708628 0 -0.705582 0.00263279 -0.0570333
-2225.25 3 466.04 0.70354 0 0.710656 0.160417 -0.0570333
-2225.25 3 466.04 0 -1 0 0.160417 -0.0570333
-2266.66 0 487.95 0 -1 0 0.160365 -0.0167034
-2266.66 0 487.95 -0.70354 0 -0.710656 0.00258053 -0.0167034
-2266.66 0 487.95 -0.708628 0 0.705582 0.160365 -0.0167034
-2265.25 0 487.95 0.708628 0 0.705582 0.158744 -0.0117634
-2265.25 0 487.95 0.70354 0 -0.710656 0.158744 -0.0117634
-2265.25 0 487.95 0 -1 0 0.158744 -0.0117634
-2265.96 0 488.66 0.708628 0 0.705582 0.158796 -0.0167034
-2265.96 0 488.66 0 -1 0 0.158796 -0.0167034
-2265.96 0 488.66 -0.708628 0 0.705582 0.158796 -0.0167034
-1944.25 0 487.95 0.708628 0 0.705582 0.158744 -0.0117634
-1944.25 0 487.95 0.70354 0 -0.710656 0.158744 -0.0117634
-1944.25 0 487.95 0 -1 0 0.158744 -0.0117634
-2265.96 0 487.25 0.70354 0 -0.710656 0.160417 -0.0117634
-2265.96 0 487.25 0 -1 0 0.160417 -0.0117634
-2265.96 0 487.25 -0.70354 0 -0.710656 0.00263279 -0.0117634
-1945.66 0 487.95 0 -1 0 0.160365 -0.0167034
-1945.66 0 487.95 -0.703601 0 -0.710595 0.00258053 -0.0167034
-1945.66 0 487.95 -0.708689 0 0.705521 0.160365 -0.0167034
-1944.96 0 488.66 0.708628 0 0.705582 0.158796 -0.0167034
-1944.96 0 488.66 0 -1 0 0.158796 -0.0167034
-1944.96 0 488.66 -0.708689 0 0.705521 0.158796 -0.0167034
-1944.96 0 487.25 0.70354 0 -0.710656 0.160417 -0.0117634
-1944.96 0 487.25 0 -1 0 0.160417 -0.0117634
-1944.96 0 487.25 -0.703601 0 -0.710595 0.00263279 -0.0117634
-1922.33 0 466.03 0.708628 0 0.705582 0.0814729 -0.0167034
-1922.33 0 466.03 0.703663 0 -0.710534 0.0814729 -0.0167034
-1922.33 0 466.03 0 -1 0 0.0814729 -0.0167034
-2204.03 3 487.25 0.708689 0 -0.705521 0.0798515 -0.0570333
-2204.03 3 487.25 0 -1 0 0.237636 -0.0570333
-2204.03 3 487.25 -0.708567 0 -0.705643 0.0798515 -0.0570333
-2204.74 3 487.96 0 -1 0 0.0815251 -0.0570333
-2204.74 3 487.96 -0.703586 -8.1333e-005 0.71061 0.0815251 -0.0570333
-2204.74 3 487.96 -0.708567 0 -0.705643 0.0815251 -0.0570333
-1923.03 0 466.74 0.708628 0 0.705582 0.0815251 -0.0117634
-1923.03 0 466.74 0 -1 0 0.0815251 -0.0117634
-1923.03 0 466.74 -0.708567 0 0.705643 0.0815251 -0.0117634
-1945.66 11 487.95 0 1 0 0.160365 -0.17762
-1945.66 11 487.95 -0.708689 0 0.705521 0.160365 -0.17762
-1923.74 0 466.03 0 -1 0 0.0798515 -0.0117634
-1923.74 0 466.03 -0.703602 0 -0.710595 0.0798515 -0.0117634
-1923.74 0 466.03 -0.708567 0 0.705643 0.0798515 -0.0117634
-1922.33 3 466.03 0.708628 -1.20834e-008 0.705582 0.0814728 -0.0594976
-1922.33 3 466.03 0.703663 0 -0.710534 0.0814728 -0.0594976
-2225.95 3 465.33 0.708628 0 -0.705582 0.00258044 -0.0594976
-2225.95 3 465.33 -0.708628 0 -0.705582 0.160365 -0.0594976
-1923.03 0 465.33 0.703663 0 -0.710534 0.0799038 -0.0167034
-1923.03 0 465.33 0 -1 0 0.0799038 -0.0167034
-1923.03 0 465.33 -0.703602 0 -0.710595 0.0799038 -0.0167034
-1923.03 11 465.33 0.703663 0 -0.710534 0.0799038 -0.17762
-1923.03 11 465.33 0 1 0 0.237688 -0.17762
-2226.66 3 466.04 -0.703555 -8.1333e-005 0.710641 0.158796 -0.0594976
-2226.66 3 466.04 -0.708628 0 -0.705582 0.158796 -0.0594976
-1923.03 3 465.33 0.703663 0 -0.710534 0.0799039 -0.0594976
-1923.03 3 465.33 -0.703602 0 -0.710595 0.0799039 -0.0594976
-1944.96 11 488.66 0.708628 -2.41668e-008 0.705582 0.158796 -0.17762
-1944.96 11 488.66 0 1 0 0.158796 -0.17762
-1944.96 11 488.66 -0.708689 0 0.705521 0.158796 -0.17762
-1944.96 3 488.66 0.708628 -1.20834e-008 0.705582 0.158796 -0.0594976
-1944.96 3 488.66 -0.708689 0 0.705521 0.158796 -0.0594976
-2204.03 3 488.66 0.703724 0 0.710473 0.0814728 -0.0594976
-2204.03 3 488.66 -0.703586 -8.1333e-005 0.71061 0.0814728 -0.0594976
-1923.03 3 466.74 0.708628 -1.20834e-008 0.705582 0.0815251 -0.0570333
-1923.03 3 466.74 0 -1 0 0.0815251 -0.0570333
-1923.03 3 466.74 -0.708567 0 0.705643 0.0815251 -0.0570333
-1945.66 3 487.95 -0.703601 0 -0.710595 0.00258044 -0.0594976
-1945.66 3 487.95 -0.708689 0 0.705521 0.160365 -0.0594976
-2203.33 3 487.96 0.708689 0 -0.705521 0.0799039 -0.0594976
-2203.33 3 487.96 0.703724 0 0.710473 0.0799039 -0.0594976
-2203.33 11 487.96 0.703724 0 0.710473 0.0799038 -0.17762
-2203.33 11 487.96 0 1 0 0.237688 -0.17762
-2029.92 8 691.574 0.707137 -0.000155394 -0.707076 0.0814728 -0.17762
-2029.92 8 691.574 0 1 0 0.0814728 -0.17762
-2029.92 8 691.574 -0.707107 0 -0.707107 0.0814728 -0.17762
-2030.63 8 692.281 0 1 0 0.237688 -0.17762
-2030.63 8 692.281 -0.707107 0 -0.707107 0.0799038 -0.17762
-2030.63 3 692.281 -0.707107 0 -0.707107 0.0799039 -0.0594976
-2030.63 3 692.281 -0.707076 0 0.707137 0.0799039 -0.0594976
-2029.92 3 691.574 0.707153 -7.7697e-005 -0.707061 0.0814728 -0.0594976
-2029.92 3 691.574 -0.707107 0 -0.707107 0.0814728 -0.0594976
-2015.78 3 705.716 0.707595 0 0.706619 0.158796 -0.0594976
-2015.78 3 705.716 0.707122 -7.7697e-005 -0.707092 0.158796 -0.0594976
-2016.49 3 706.424 0.707595 0 0.706619 0.160365 -0.0594976
-2016.49 3 706.424 -0.707656 0 0.706558 0.00258044 -0.0594976
-2029.22 3 692.281 0.707153 -7.7697e-005 -0.707061 0.0815251 -0.0570333
-2029.22 3 692.281 0.707137 0 0.707076 0.0815251 -0.0570333
-2029.22 3 692.281 0 -1 0 0.0815251 -0.0570333
-4716.93 3 499.605 0.939604 0 -0.342262 0.158744 -0.0570333
-4716.93 3 499.605 0.341972 -5.3756e-005 0.93971 0.158744 -0.0570333
-4716.93 3 499.605 0 -1 0 0.158744 -0.0570333
-2029.92 3 692.988 0.707137 0 0.707076 0.0798515 -0.0570333
-2029.92 3 692.988 0 -1 0 0.237636 -0.0570333
-2029.92 3 692.988 -0.707076 0 0.707137 0.0798515 -0.0570333
-4717.27 3 498.665 0.939604 0 -0.342262 0.160417 -0.0570333
-4717.27 3 498.665 0 -1 0 0.160417 -0.0570333
-4717.27 3 498.665 -0.341959 0 -0.939715 0.00263279 -0.0570333
-2016.49 0 705.009 0.707107 0 -0.707107 0.158744 -0.0117634
-2016.49 0 705.009 0 -1 0 0.158744 -0.0117634
-2016.49 0 705.009 -0.707168 0 -0.707046 0.158744 -0.0117634
-2017.19 0 705.716 0 -1 0 0.160417 -0.0117634
-2017.19 0 705.716 -0.707168 0 -0.707046 0.160417 -0.0117634
-2017.19 0 705.716 -0.707656 0 0.706558 0.00263279 -0.0117634
-2240.63 8 692.281 0 1 0 0.237688 -0.17762
-2240.63 8 692.281 -0.707107 0 -0.707107 0.0799038 -0.17762
-2239.92 8 691.574 0.707168 -0.000310801 -0.707046 0.0814728 -0.17762
-2239.92 8 691.574 0 1 0 0.0814728 -0.17762
-2239.92 8 691.574 -0.707107 0 -0.707107 0.0814728 -0.17762
-2225.78 8 705.716 0.707595 0 0.706619 0.158796 -0.17762
-2225.78 8 705.716 0.707168 -0.000310801 -0.707046 0.158796 -0.17762
-2225.78 8 705.716 0 1 0 0.158796 -0.17762
-2226.49 8 706.424 0.707595 0 0.706619 0.160365 -0.17762
-2226.49 8 706.424 0 1 0 0.160365 -0.17762
-2240.63 0 692.281 0 -1 0 0.0799038 -0.0167034
-2240.63 0 692.281 -0.707107 0 -0.707107 0.0799038 -0.0167034
-2240.63 0 692.281 -0.707076 0 0.707137 0.0799038 -0.0167034
-2239.92 0 692.988 0.707198 0 0.707015 0.0798515 -0.0117634
-2239.92 0 692.988 0 -1 0 0.0798515 -0.0117634
-2239.92 0 692.988 -0.707076 0 0.707137 0.0798515 -0.0117634
-2239.22 0 692.281 0.707229 0 -0.706985 0.0815251 -0.0117634
-2239.22 0 692.281 0.707198 0 0.707015 0.0815251 -0.0117634
-2239.22 0 692.281 0 -1 0 0.0815251 -0.0117634
-2239.92 0 691.574 0.707229 0 -0.706985 0.0814729 -0.0167034
-2239.92 0 691.574 0 -1 0 0.0814729 -0.0167034
-2239.92 0 691.574 -0.707107 0 -0.707107 0.0814729 -0.0167034
-2226.49 0 706.424 0.707595 0 0.706619 0.160365 -0.0167034
-2226.49 0 706.424 0 -1 0 0.160365 -0.0167034
-2226.49 0 706.424 -0.707717 0 0.706496 0.00258053 -0.0167034
-2225.78 0 705.716 0.707595 0 0.706619 0.158796 -0.0167034
-2225.78 0 705.716 0.707107 0 -0.707107 0.158796 -0.0167034
-2225.78 0 705.716 0 -1 0 0.158796 -0.0167034
-2309.22 3 692.281 0.707198 -0.000155401 -0.707015 0.0815251 -0.0570333
-2309.22 3 692.281 0.707198 0 0.707015 0.0815251 -0.0570333
-2309.22 3 692.281 0 -1 0 0.0815251 -0.0570333
-1960.73 3 692.281 -0.707107 0 -0.707107 0.0799039 -0.0594976
-1960.73 3 692.281 -0.707076 0 0.707137 0.0799039 -0.0594976
-1960.02 0 692.988 0.707076 0 0.707137 0.0798515 -0.0117634
-1960.02 0 692.988 0 -1 0 0.0798515 -0.0117634
-1960.02 0 692.988 -0.707076 0 0.707137 0.0798515 -0.0117634
-2351.69 3 692.276 0 -1 0 0.158744 -0.0570333
-2351.69 3 692.276 -0.707099 -3.88478e-005 -0.707114 0.158744 -0.0570333
-2351.69 3 692.276 -0.707076 0 0.707137 0.158744 -0.0570333
-1946.59 0 706.424 0.707656 0 0.706558 0.160365 -0.0167034
-1946.59 0 706.424 0 -1 0 0.160365 -0.0167034
-1946.59 0 706.424 -0.707595 0 0.706619 0.00258053 -0.0167034
-1946.59 0 705.009 0.707168 0 -0.707046 0.158744 -0.0117634
-1946.59 0 705.009 0 -1 0 0.158744 -0.0117634
-1946.59 0 705.009 -0.707107 0 -0.707107 0.158744 -0.0117634
-1945.88 8 705.716 0.707656 0 0.706558 0.158796 -0.17762
-1945.88 8 705.716 0.707137 0.000155394 -0.707076 0.158796 -0.17762
-1945.88 8 705.716 0 1 0 0.158796 -0.17762
-1960.73 8 692.281 0 1 0 0.237688 -0.17762
-1960.73 8 692.281 -0.707107 0 -0.707107 0.0799038 -0.17762
-2297.19 3 705.716 0 -1 0 0.160417 -0.0570333
-2297.19 3 705.716 -0.707107 0 -0.707107 0.160417 -0.0570333
-2297.19 3 705.716 -0.707595 0 0.706619 0.00263279 -0.0570333
-2296.49 3 705.009 0.707137 -0.000155401 -0.707076 0.158744 -0.0570333
-2296.49 3 705.009 0 -1 0 0.158744 -0.0570333
-2296.49 3 705.009 -0.707107 0 -0.707107 0.158744 -0.0570333
-2226.49 3 705.009 0.707137 -0.000155401 -0.707076 0.158744 -0.0570333
-2226.49 3 705.009 0 -1 0 0.158744 -0.0570333
-2226.49 3 705.009 -0.707229 0 -0.706985 0.158744 -0.0570333
-2227.19 3 705.716 0 -1 0 0.160417 -0.0570333
-2227.19 3 705.716 -0.707229 0 -0.706985 0.160417 -0.0570333
-2227.19 3 705.716 -0.707717 0 0.706496 0.00263279 -0.0570333
-1947.29 0 705.716 0 -1 0 0.160417 -0.0117634
-1947.29 0 705.716 -0.707107 0 -0.707107 0.160417 -0.0117634
-1947.29 0 705.716 -0.707595 0 0.706619 0.00263279 -0.0117634
-2365.13 8 705.711 0 1 0 0.0814728 -0.17762
-2365.13 8 705.711 -0.707092 -7.76957e-005 -0.707122 0.0814728 -0.17762
-2365.13 8 705.711 -0.707107 0 0.707107 0.0814728 -0.17762
-2350.98 0 692.983 0.707198 0 0.707015 0.00263279 -0.0117634
-2350.98 0 692.983 0 -1 0 0.160417 -0.0117634
-2350.98 0 692.983 -0.707076 0 0.707137 0.160417 -0.0117634
-1960.02 3 691.574 0.707122 7.7697e-005 -0.707092 0.0814728 -0.0594976
-1960.02 3 691.574 -0.707107 0 -0.707107 0.0814728 -0.0594976
-2351.69 0 692.276 0 -1 0 0.158744 -0.0117634
-2351.69 0 692.276 -0.707107 0 -0.707107 0.158744 -0.0117634
-2351.69 0 692.276 -0.707076 0 0.707137 0.158744 -0.0117634
-2279.98 0 692.983 0.707076 0 0.707137 0.00263279 -0.0117634
-2279.98 0 692.983 0 -1 0 0.160417 -0.0117634
-2279.98 0 692.983 -0.707076 0 0.707137 0.160417 -0.0117634
-4615.87 0 488.059 0.342116 0 -0.939658 0.00258053 -0.0167034
-4615.87 0 488.059 0 -1 0 0.160365 -0.0167034
-4615.87 0 488.059 -0.939608 0 -0.342253 0.160365 -0.0167034
-4614.93 0 488.401 0.939761 0 0.341831 0.160417 -0.0117634
-4614.93 0 488.401 0.342116 0 -0.939658 0.00263279 -0.0117634
-4614.93 0 488.401 0 -1 0 0.160417 -0.0117634
-4716.93 0 499.605 0.939604 0 -0.342262 0.158744 -0.0117634
-4716.93 0 499.605 0.341986 0 0.939705 0.158744 -0.0117634
-4716.93 0 499.605 0 -1 0 0.158744 -0.0117634
-4616.21 0 488.999 0 -1 0 0.158796 -0.0167034
-4616.21 0 488.999 -0.341932 0 0.939725 0.158796 -0.0167034
-4616.21 0 488.999 -0.939608 0 -0.342253 0.158796 -0.0167034
-4586.14 0 499.944 0.939768 0 0.341812 0.0814729 -0.0167034
-4586.14 0 499.944 0 -1 0 0.0814729 -0.0167034
-4586.14 0 499.944 -0.342089 0 0.939668 0.0814729 -0.0167034
-4587.08 0 499.602 0 -1 0 0.0815251 -0.0117634
-4587.08 0 499.602 -0.342089 0 0.939668 0.0815251 -0.0117634
-4587.08 0 499.602 -0.939772 0 -0.341802 0.0815251 -0.0117634
-4717.87 0 499.947 0.341986 0 0.939705 0.158796 -0.0167034
-4717.87 0 499.947 0 -1 0 0.158796 -0.0167034
-4717.87 0 499.947 -0.939608 0 0.342253 0.158796 -0.0167034
-4586.74 0 498.662 0.342116 0 -0.939658 0.0798515 -0.0117634
-4586.74 0 498.662 0 -1 0 0.0798515 -0.0117634
-4586.74 0 498.662 -0.939772 0 -0.341802 0.0798515 -0.0117634
-4585.8 0 499.004 0.939768 0 0.341812 0.0799038 -0.0167034
-4585.8 0 499.004 0.342116 0 -0.939658 0.0799038 -0.0167034
-4585.8 0 499.004 0 -1 0 0.0799038 -0.0167034
-2170.02 0 692.988 0.707076 0 0.707137 0.0798515 -0.0117634
-2170.02 0 692.988 0 -1 0 0.0798515 -0.0117634
-2170.02 0 692.988 -0.707076 0 0.707137 0.0798515 -0.0117634
-4717.27 0 498.665 0.939604 0 -0.342262 0.160417 -0.0117634
-4717.27 0 498.665 0 -1 0 0.160417 -0.0117634
-4717.27 0 498.665 -0.341959 0 -0.939715 0.00263279 -0.0117634
-4615.87 11 488.059 0 1 0 0.160365 -0.17762
-4615.87 11 488.059 -0.939608 0 -0.342253 0.160365 -0.17762
-4616.21 11 488.999 0 1 0 0.158796 -0.17762
-4616.21 11 488.999 -0.34201 -0.00031313 0.939696 0.158796 -0.17762
-4616.21 11 488.999 -0.939608 0 -0.342253 0.158796 -0.17762
-4586.14 11 499.944 0.939768 0 0.341812 0.0814728 -0.17762
-4586.14 11 499.944 0 1 0 0.0814728 -0.17762
-4586.14 11 499.944 -0.34201 -0.00031313 0.939696 0.0814728 -0.17762
-4585.8 11 499.004 0.939768 0 0.341812 0.0799038 -0.17762
-4585.8 11 499.004 0 1 0 0.237688 -0.17762
-4689.08 3 488.404 0 -1 0 0.237636 -0.0570333
-4689.08 3 488.404 -0.341959 0 -0.939715 0.0798515 -0.0570333
-4689.08 3 488.404 -0.939768 0 0.341812 0.0798515 -0.0570333
-4585.8 3 499.004 0.939768 0 0.341812 0.0799039 -0.0594976
-4585.8 3 499.004 0.342116 0 -0.939658 0.0799039 -0.0594976
-4586.14 3 499.944 0.939768 0 0.341812 0.0814728 -0.0594976
-4586.14 3 499.944 -0.342049 -0.000156565 0.939682 0.0814728 -0.0594976
-4616.21 3 488.999 -0.341971 -0.000156565 0.939711 0.158796 -0.0594976
-4616.21 3 488.999 -0.939608 0 -0.342253 0.158796 -0.0594976
-4688.74 3 489.344 0.341945 -5.3756e-005 0.93972 0.0815251 -0.0570333
-4688.74 3 489.344 0 -1 0 0.0815251 -0.0570333
-4688.74 3 489.344 -0.939768 0 0.341812 0.0815251 -0.0570333
-4615.87 3 488.059 0.342116 0 -0.939658 0.00258044 -0.0594976
-4615.87 3 488.059 -0.939608 0 -0.342253 0.160365 -0.0594976
-4718.21 3 499.007 -0.341959 0 -0.939715 0.00258044 -0.0594976
-4718.21 3 499.007 -0.939608 0 0.342253 0.160365 -0.0594976
-4587.08 3 499.602 0 -1 0 0.0815251 -0.0570333
-4587.08 3 499.602 -0.342049 -0.000156565 0.939682 0.0815251 -0.0570333
-4587.08 3 499.602 -0.939772 0 -0.341802 0.0815251 -0.0570333
-4586.74 3 498.662 0.342116 0 -0.939658 0.0798515 -0.0570333
-4586.74 3 498.662 0 -1 0 0.237636 -0.0570333
-4586.74 3 498.662 -0.939772 0 -0.341802 0.0798515 -0.0570333
-4614.93 3 488.401 0.939761 0 0.341831 0.160417 -0.0570333
-4614.93 3 488.401 0.342116 0 -0.939658 0.00263279 -0.0570333
-4614.93 3 488.401 0 -1 0 0.160417 -0.0570333
-4717.87 3 499.947 0.341972 -5.3756e-005 0.93971 0.158796 -0.0594976
-4717.87 3 499.947 -0.939608 0 0.342253 0.158796 -0.0594976
-4615.27 3 489.341 0.939761 0 0.341831 0.158744 -0.0570333
-4615.27 3 489.341 0 -1 0 0.158744 -0.0570333
-4615.27 3 489.341 -0.341971 -0.000156565 0.939711 0.158744 -0.0570333
-4687.8 3 489.002 0.939772 0 -0.341802 0.0814728 -0.0594976
-4687.8 3 489.002 0.341945 -5.3756e-005 0.93972 0.0814728 -0.0594976
-4688.14 3 488.062 0.939772 0 -0.341802 0.0799039 -0.0594976
-4688.14 3 488.062 -0.341959 0 -0.939715 0.0799039 -0.0594976
-4688.14 11 488.062 0.939772 0 -0.341802 0.0799038 -0.17762
-4688.14 11 488.062 0 1 0 0.237688 -0.17762
-4687.8 11 489.002 0.939772 0 -0.341802 0.0814728 -0.17762
-4687.8 11 489.002 0.341959 -0.000107512 0.939715 0.0814728 -0.17762
-4687.8 11 489.002 0 1 0 0.0814728 -0.17762
-4717.87 11 499.947 0.341959 -0.000107512 0.939715 0.158796 -0.17762
-4717.87 11 499.947 0 1 0 0.158796 -0.17762
-4717.87 11 499.947 -0.939608 0 0.342253 0.158796 -0.17762
-4718.21 11 499.007 0 1 0 0.160365 -0.17762
-4718.21 11 499.007 -0.939608 0 0.342253 0.160365 -0.17762
-4688.14 0 488.062 0.939772 0 -0.341802 0.0799038 -0.0167034
-4688.14 0 488.062 0 -1 0 0.0799038 -0.0167034
-4688.14 0 488.062 -0.341959 0 -0.939715 0.0799038 -0.0167034
-2100.02 0 692.988 0.707076 0 0.707137 0.0798515 -0.0117634
-2100.02 0 692.988 0 -1 0 0.0798515 -0.0117634
-2100.02 0 692.988 -0.707076 0 0.707137 0.0798515 -0.0117634
-2100.73 0 692.281 0 -1 0 0.0799038 -0.0167034
-2100.73 0 692.281 -0.707107 0 -0.707107 0.0799038 -0.0167034
-2100.73 0 692.281 -0.707076 0 0.707137 0.0799038 -0.0167034
-2086.59 8 706.424 0.707595 0 0.706619 0.160365 -0.17762
-2086.59 8 706.424 0 1 0 0.160365 -0.17762
-2085.88 8 705.716 0.707595 0 0.706619 0.158796 -0.17762
-2085.88 8 705.716 0.707107 0 -0.707107 0.158796 -0.17762
-2085.88 8 705.716 0 1 0 0.158796 -0.17762
-2100.02 8 691.574 0.707107 0 -0.707107 0.0814728 -0.17762
-2100.02 8 691.574 0 1 0 0.0814728 -0.17762
-2100.02 8 691.574 -0.707107 0 -0.707107 0.0814728 -0.17762
-2100.73 8 692.281 0 1 0 0.237688 -0.17762
-2100.73 8 692.281 -0.707107 0 -0.707107 0.0799038 -0.17762
-2100.73 3 692.281 -0.707107 0 -0.707107 0.0799039 -0.0594976
-2100.73 3 692.281 -0.707076 0 0.707137 0.0799039 -0.0594976
-2100.02 3 691.574 0.707107 0 -0.707107 0.0814728 -0.0594976
-2100.02 3 691.574 -0.707107 0 -0.707107 0.0814728 -0.0594976
-2085.88 3 705.716 0.707595 0 0.706619 0.158796 -0.0594976
-2085.88 3 705.716 0.707107 0 -0.707107 0.158796 -0.0594976
-2086.59 3 706.424 0.707595 0 0.706619 0.160365 -0.0594976
-2086.59 3 706.424 -0.707595 0 0.706619 0.00258044 -0.0594976
-2099.31 3 692.281 0.707107 0 -0.707107 0.0815251 -0.0570333
-2099.31 3 692.281 0.707076 0 0.707137 0.0815251 -0.0570333
-2099.31 3 692.281 0 -1 0 0.0815251 -0.0570333
-2100.02 3 692.988 0.707076 0 0.707137 0.0798515 -0.0570333
-2100.02 3 692.988 0 -1 0 0.237636 -0.0570333
-2100.02 3 692.988 -0.707076 0 0.707137 0.0798515 -0.0570333
-2087.29 3 705.716 0 -1 0 0.160417 -0.0570333
-2087.29 3 705.716 -0.707107 0 -0.707107 0.160417 -0.0570333
-2087.29 3 705.716 -0.707595 0 0.706619 0.00263279 -0.0570333
-2086.59 3 705.009 0.707107 0 -0.707107 0.158744 -0.0570333
-2086.59 3 705.009 0 -1 0 0.158744 -0.0570333
-2086.59 3 705.009 -0.707107 0 -0.707107 0.158744 -0.0570333
-2156.59 3 705.009 0.707107 0 -0.707107 0.158744 -0.0570333
-2156.59 3 705.009 0 -1 0 0.158744 -0.0570333
-2156.59 3 705.009 -0.707107 0 -0.707107 0.158744 -0.0570333
-2157.29 3 705.716 0 -1 0 0.160417 -0.0570333
-2157.29 3 705.716 -0.707107 0 -0.707107 0.160417 -0.0570333
-2157.29 3 705.716 -0.707595 0 0.706619 0.00263279 -0.0570333
-2170.02 3 692.988 0.707076 0 0.707137 0.0798515 -0.0570333
-2170.02 3 692.988 0 -1 0 0.237636 -0.0570333
-2170.02 3 692.988 -0.707076 0 0.707137 0.0798515 -0.0570333
-2169.31 3 692.281 0.707107 0 -0.707107 0.0815251 -0.0570333
-2169.31 3 692.281 0.707076 0 0.707137 0.0815251 -0.0570333
-2169.31 3 692.281 0 -1 0 0.0815251 -0.0570333
-2156.59 3 706.424 0.707595 0 0.706619 0.160365 -0.0594976
-2156.59 3 706.424 -0.707595 0 0.706619 0.00258044 -0.0594976
-2155.88 8 705.716 0.707595 0 0.706619 0.158796 -0.17762
-2155.88 8 705.716 0.707107 0 -0.707107 0.158796 -0.17762
-2155.88 8 705.716 0 1 0 0.158796 -0.17762
-2156.59 8 706.424 0.707595 0 0.706619 0.160365 -0.17762
-2156.59 8 706.424 0 1 0 0.160365 -0.17762
-2169.31 0 692.281 0.707107 0 -0.707107 0.0815251 -0.0117634
-2169.31 0 692.281 0.707076 0 0.707137 0.0815251 -0.0117634
