MSHX1
GROUPS 52
LABEL box
MATERIAL 3
TEXTURE 0
GEOM 24 12 ; box
-1953.15 149.3 1512.25 1 0 0 0 0
-1953.15 149.3 1512.25 0 0 -1 0 -1
-1953.15 149.3 1512.25 0 1 0 0 0
-1998.15 149.3 1512.25 0 0 -1 0 0
-1998.15 149.3 1512.25 0 1 0 0 -1
-1998.15 149.3 1512.25 -1 0 0 0 -1
-1998.15 149.3 1557.25 0 0 1 0 -1
-1998.15 149.3 1557.25 0 1 0 1 -1
-1998.15 149.3 1557.25 -1 0 0 0 0
-1953.15 149.3 1557.25 1 0 0 0 -1
-1953.15 149.3 1557.25 0 0 1 0 0
-1953.15 149.3 1557.25 0 1 0 1 0
-1953.15 0 1557.25 1 0 0 1 -1
-1953.15 0 1557.25 0 -1 0 0 -1
-1953.15 0 1557.25 0 0 1 1 0
-1998.15 0 1557.25 0 -1 0 1 -1
-1998.15 0 1557.25 0 0 1 1 -1
-1998.15 0 1557.25 -1 0 0 1 0
-1998.15 0 1512.25 0 -1 0 1 0
-1998.15 0 1512.25 0 0 -1 1 0
-1998.15 0 1512.25 -1 0 0 1 -1
-1953.15 0 1512.25 1 0 0 1 0
-1953.15 0 1512.25 0 -1 0 0 0
-1953.15 0 1512.25 0 0 -1 1 -1
8 5 17
20 17 5
0 9 21
12 21 9
19 3 23
1 23 3
6 16 10
14 10 16
7 11 4
2 4 11
13 15 22
18 22 15
LABEL box
MATERIAL 3
TEXTURE 0
GEOM 24 12 ; box
-2036 10 1946 1 0 0 0 0
-2036 10 1946 0 0 -1 0 -1
-2036 10 1946 0 1 0 0 0
-2066 10 1946 0 0 -1 0 0
-2066 10 1946 0 1 0 0 -1
-2066 10 1946 -1 0 0 0 -1
-2066 10 2196 0 0 1 0 -1
-2066 10 2196 0 1 0 1 -1
-2066 10 2196 -1 0 0 0 0
-2036 10 2196 1 0 0 0 -1
-2036 10 2196 0 0 1 0 0
-2036 10 2196 0 1 0 1 0
-2036 0 2196 1 0 0 1 -1
-2036 0 2196 0 -1 0 0 -1
-2036 0 2196 0 0 1 1 0
-2066 0 2196 0 -1 0 1 -1
-2066 0 2196 0 0 1 1 -1
-2066 0 2196 -1 0 0 1 0
-2066 0 1946 0 -1 0 1 0
-2066 0 1946 0 0 -1 1 0
-2066 0 1946 -1 0 0 1 -1
-2036 0 1946 1 0 0 1 0
-2036 0 1946 0 -1 0 0 0
-2036 0 1946 0 0 -1 1 -1
8 5 17
20 17 5
0 9 21
12 21 9
19 3 23
1 23 3
6 16 10
14 10 16
7 11 4
2 4 11
13 15 22
18 22 15
LABEL box
MATERIAL 3
TEXTURE 0
GEOM 24 12 ; box
-1887 0 1946 1 0 0 1 0
-1887 0 1946 0 -1 0 0 0
-1887 0 1946 0 0 -1 1 -1
-1917 0 1946 0 -1 0 1 0
-1917 0 1946 0 0 -1 1 0
-1917 0 1946 -1 0 0 1 -1
-1917 0 2196 0 -1 0 1 -1
-1917 0 2196 0 0 1 1 -1
-1917 0 2196 -1 0 0 1 0
-1887 0 2196 1 0 0 1 -1
-1887 0 2196 0 -1 0 0 -1
-1887 0 2196 0 0 1 1 0
-1887 10 2196 1 0 0 0 -1
-1887 10 2196 0 0 1 0 0
-1887 10 2196 0 1 0 1 0
-1917 10 2196 0 0 1 0 -1
-1917 10 2196 0 1 0 1 -1
-1917 10 2196 -1 0 0 0 0
-1917 10 1946 0 0 -1 0 0
-1917 10 1946 0 1 0 0 -1
-1917 10 1946 -1 0 0 0 -1
-1887 10 1946 1 0 0 0 0
-1887 10 1946 0 0 -1 0 -1
-1887 10 1946 0 1 0 0 0
10 6 1
3 1 6
16 14 19
23 19 14
15 7 13
11 13 7
4 18 2
22 2 18
21 12 0
9 0 12
17 20 8
5 8 20
LABEL box
MATERIAL 3
TEXTURE 0
GEOM 24 12 ; box
-1993.4 1 1651.2 1 0 0 1 0
-1993.4 1 1651.2 0 -1 0 0 0
-1993.4 1 1651.2 0 0 -1 1 -1
-2193.4 1 1651.2 0 -1 0 1 0
-2193.4 1 1651.2 0 0 -1 1 0
-2193.4 1 1651.2 -1 0 0 1 -1
-2193.4 1 1851.2 0 -1 0 1 -1
-2193.4 1 1851.2 0 0 1 1 -1
-2193.4 1 1851.2 -1 0 0 1 0
-1993.4 1 1851.2 1 0 0 1 -1
-1993.4 1 1851.2 0 -1 0 0 -1
-1993.4 1 1851.2 0 0 1 1 0
-1993.4 81 1851.2 1 0 0 0 -1
-1993.4 81 1851.2 0 0 1 0 0
-1993.4 81 1851.2 0 1 0 1 0
-2193.4 81 1851.2 0 0 1 0 -1
-2193.4 81 1851.2 0 1 0 1 -1
-2193.4 81 1851.2 -1 0 0 0 0
-2193.4 81 1651.2 0 0 -1 0 0
-2193.4 81 1651.2 0 1 0 0 -1
-2193.4 81 1651.2 -1 0 0 0 -1
-1993.4 81 1651.2 1 0 0 0 0
-1993.4 81 1651.2 0 0 -1 0 -1
-1993.4 81 1651.2 0 1 0 0 0
10 6 1
3 1 6
16 14 19
23 19 14
15 7 13
11 13 7
4 18 2
22 2 18
21 12 0
9 0 12
17 20 8
5 8 20
LABEL box
MATERIAL 5
TEXTURE 0
GEOM 24 12 ; box
-2545.29 30.6 1929.72 0.984808 0 -0.173645 1 0
-2545.29 30.6 1929.72 0 -1 0 0 0
-2545.29 30.6 1929.72 -0.173652 0 -0.984807 1 -1
-2564.98 30.6 1933.19 0 -1 0 1 0
-2564.98 30.6 1933.19 -0.173652 0 -0.984807 1 0
-2564.98 30.6 1933.19 -0.984808 0 0.173645 1 -1
-2561.51 30.6 1952.88 0.173652 0 0.984807 1 -1
-2561.51 30.6 1952.88 0 -1 0 1 -1
-2561.51 30.6 1952.88 -0.984808 0 0.173645 1 0
-2541.82 30.6 1949.41 0.984808 0 -0.173645 1 -1
-2541.82 30.6 1949.41 0.173652 0 0.984807 1 0
-2541.82 30.6 1949.41 0 -1 0 0 -1
-2541.82 60.6 1949.41 0.984808 0 -0.173645 0 -1
-2541.82 60.6 1949.41 0.173652 0 0.984807 0 0
-2541.82 60.6 1949.41 0 1 0 1 0
-2561.51 60.6 1952.88 0.173652 0 0.984807 0 -1
-2561.51 60.6 1952.88 0 1 0 1 -1
-2561.51 60.6 1952.88 -0.984808 0 0.173645 0 0
-2564.98 60.6 1933.19 0 1 0 0 -1
-2564.98 60.6 1933.19 -0.173652 0 -0.984807 0 0
-2564.98 60.6 1933.19 -0.984808 0 0.173645 0 -1
-2545.29 60.6 1929.72 0.984808 0 -0.173645 0 0
-2545.29 60.6 1929.72 0 1 0 0 0
-2545.29 60.6 1929.72 -0.173652 0 -0.984807 0 -1
7 3 11
1 11 3
16 14 18
22 18 14
15 6 13
10 13 6
4 19 2
23 2 19
21 12 0
9 0 12
17 20 8
5 8 20
LABEL box
MATERIAL 5
TEXTURE 0
GEOM 24 12 ; box
-2574.09 60.6 1933.82 0.984808 0 -0.173645 0 0
-2574.09 60.6 1933.82 0 1 0 0 0
-2574.09 60.6 1933.82 -0.173652 0 -0.984807 0 -1
-2593.78 60.6 1937.29 0 1 0 0 -1
-2593.78 60.6 1937.29 -0.173652 0 -0.984807 0 0
-2593.78 60.6 1937.29 -0.984808 0 0.173645 0 -1
-2590.31 60.6 1956.98 0.173652 0 0.984807 0 -1
-2590.31 60.6 1956.98 0 1 0 1 -1
-2590.31 60.6 1956.98 -0.984808 0 0.173645 0 0
-2570.62 60.6 1953.51 0.984808 0 -0.173645 0 -1
-2570.62 60.6 1953.51 0.173652 0 0.984807 0 0
-2570.62 60.6 1953.51 0 1 0 1 0
-2570.62 30.6 1953.51 0.984808 0 -0.173645 1 -1
-2570.62 30.6 1953.51 0.173652 0 0.984807 1 0
-2570.62 30.6 1953.51 0 -1 0 0 -1
-2590.31 30.6 1956.98 0.173652 0 0.984807 1 -1
-2590.31 30.6 1956.98 0 -1 0 1 -1
-2590.31 30.6 1956.98 -0.984808 0 0.173645 1 0
-2593.78 30.6 1937.29 0 -1 0 1 0
-2593.78 30.6 1937.29 -0.173652 0 -0.984807 1 0
-2593.78 30.6 1937.29 -0.984808 0 0.173645 1 -1
-2574.09 30.6 1933.82 0.984808 0 -0.173645 1 0
-2574.09 30.6 1933.82 0 -1 0 0 0
-2574.09 30.6 1933.82 -0.173652 0 -0.984807 1 -1
8 5 17
20 17 5
0 9 21
12 21 9
19 4 23
2 23 4
6 15 10
13 10 15
7 11 3
1 3 11
16 18 14
22 14 18
LABEL box
MATERIAL 3
TEXTURE 0
GEOM 24 12 ; box
1120.8 0 -1599.39 0.939693 0 -0.342019 1 0
1120.8 0 -1599.39 0 -1 0 0 0
1120.8 0 -1599.39 -0.342014 0 -0.939695 1 -1
1078.51 0 -1583.99 0 -1 0 1 0
1078.51 0 -1583.99 -0.342014 0 -0.939695 1 0
1078.51 0 -1583.99 -0.939693 0 0.34202 1 -1
1093.9 0 -1541.71 0.34202 0 0.939693 1 -1
1093.9 0 -1541.71 0 -1 0 1 -1
1093.9 0 -1541.71 -0.939693 0 0.34202 1 0
1136.19 0 -1557.1 0.939693 0 -0.342019 1 -1
1136.19 0 -1557.1 0.34202 0 0.939693 1 0
1136.19 0 -1557.1 0 -1 0 0 -1
1136.19 157.6 -1557.1 0.939693 0 -0.342019 0 -1
1136.19 157.6 -1557.1 0.34202 0 0.939693 0 0
1136.19 157.6 -1557.1 0 1 0 1 0
1093.9 157.6 -1541.71 0.34202 0 0.939693 0 -1
1093.9 157.6 -1541.71 0 1 0 1 -1
1093.9 157.6 -1541.71 -0.939693 0 0.34202 0 0
1078.51 157.6 -1583.99 0 1 0 0 -1
1078.51 157.6 -1583.99 -0.342014 0 -0.939695 0 0
1078.51 157.6 -1583.99 -0.939693 0 0.34202 0 -1
1120.8 157.6 -1599.39 0.939693 0 -0.342019 0 0
1120.8 157.6 -1599.39 0 1 0 0 0
1120.8 157.6 -1599.39 -0.342014 0 -0.939695 0 -1
7 3 11
1 11 3
16 14 18
22 18 14
15 6 13
10 13 6
4 19 2
23 2 19
21 12 0
9 0 12
17 20 8
5 8 20
LABEL box
MATERIAL 3
TEXTURE 0
GEOM 24 12 ; box
960.998 83.3 -1574.28 0.939692 0 -0.342022 0 0
960.998 83.3 -1574.28 0 1 0 0 0
960.998 83.3 -1574.28 -0.342014 0 -0.939695 0 -1
918.712 83.3 -1558.89 0 1 0 0 -1
918.712 83.3 -1558.89 -0.342014 0 -0.939695 0 0
918.712 83.3 -1558.89 -0.939693 0 0.342021 0 -1
934.103 83.3 -1516.61 0.342022 0 0.939692 0 -1
934.103 83.3 -1516.61 0 1 0 1 -1
934.103 83.3 -1516.61 -0.939693 0 0.342021 0 0
976.389 83.3 -1532 0.939692 0 -0.342022 0 -1
976.389 83.3 -1532 0.342022 0 0.939692 0 0
976.389 83.3 -1532 0 1 0 1 0
976.389 0 -1532 0.939692 0 -0.342022 1 -1
976.389 0 -1532 0.342022 0 0.939692 1 0
976.389 0 -1532 0 -1 0 0 -1
934.103 0 -1516.61 0.342022 0 0.939692 1 -1
934.103 0 -1516.61 0 -1 0 1 -1
934.103 0 -1516.61 -0.939693 0 0.342021 1 0
918.712 0 -1558.89 0 -1 0 1 0
918.712 0 -1558.89 -0.342014 0 -0.939695 1 0
918.712 0 -1558.89 -0.939693 0 0.342021 1 -1
960.998 0 -1574.28 0.939692 0 -0.342022 1 0
960.998 0 -1574.28 0 -1 0 0 0
960.998 0 -1574.28 -0.342014 0 -0.939695 1 -1
8 5 17
20 17 5
0 9 21
12 21 9
19 4 23
2 23 4
6 15 10
13 10 15
7 11 3
1 3 11
16 18 14
22 14 18
LABEL box
MATERIAL 3
TEXTURE 0
GEOM 24 12 ; box
897.969 19.75 -2286.63 0.939693 0 -0.34202 0 0
897.969 19.75 -2286.63 0 1 0 0 0
897.969 19.75 -2286.63 -0.342009 0 -0.939697 0 -1
778.064 19.75 -2242.99 0 1 0 0 -1
778.064 19.75 -2242.99 -0.342009 0 -0.939697 0 0
778.064 19.75 -2242.99 -0.939692 0 0.342021 0 -1
822.732 19.75 -2120.27 0.342021 0 0.939692 0 -1
822.732 19.75 -2120.27 0 1 0 1 -1
822.732 19.75 -2120.27 -0.939692 0 0.342021 0 0
942.637 19.75 -2163.91 0.939693 0 -0.34202 0 -1
942.637 19.75 -2163.91 0.342021 0 0.939692 0 0
942.637 19.75 -2163.91 0 1 0 1 0
942.637 -0.25004 -2163.91 0.939693 0 -0.34202 1 -1
942.637 -0.25004 -2163.91 0.342021 0 0.939692 1 0
942.637 -0.25004 -2163.91 0 -1 0 0 -1
822.732 -0.25004 -2120.27 0.342021 0 0.939692 1 -1
822.732 -0.25004 -2120.27 0 -1 0 1 -1
822.732 -0.25004 -2120.27 -0.939692 0 0.342021 1 0
778.064 -0.25004 -2242.99 0 -1 0 1 0
778.064 -0.25004 -2242.99 -0.342009 0 -0.939697 1 0
778.064 -0.25004 -2242.99 -0.939692 0 0.342021 1 -1
897.969 -0.25004 -2286.63 0.939693 0 -0.34202 1 0
897.969 -0.25004 -2286.63 0 -1 0 0 0
897.969 -0.25004 -2286.63 -0.342009 0 -0.939697 1 -1
8 5 17
20 17 5
0 9 21
12 21 9
19 4 23
2 23 4
6 15 10
13 10 15
7 11 3
1 3 11
16 18 14
22 14 18
LABEL box
MATERIAL 3
TEXTURE 0
GEOM 24 12 ; box
1066.35 299.3 -1824.4 0.772577 0 -0.634922 0 0
1066.35 299.3 -1824.4 0 1 0 0 0
1066.35 299.3 -1824.4 -0.650776 0 -0.75927 0 -1
1020.93 299.3 -1785.47 0 1 0 0 -1
1020.93 299.3 -1785.47 -0.650776 0 -0.75927 0 0
1020.93 299.3 -1785.47 -0.772576 0 0.634922 0 -1
1059.86 299.3 -1738.1 0.650778 0 0.759268 0 -1
1059.86 299.3 -1738.1 0 1 0 1 -1
1059.86 299.3 -1738.1 -0.772576 0 0.634922 0 0
1105.28 299.3 -1777.03 0.772577 0 -0.634922 0 -1
1105.28 299.3 -1777.03 0.650778 0 0.759268 0 0
1105.28 299.3 -1777.03 0 1 0 1 0
1105.28 0 -1777.03 0.772577 0 -0.634922 1 -1
1105.28 0 -1777.03 0.650778 0 0.759268 1 0
1105.28 0 -1777.03 0 -1 0 0 -1
1059.86 0 -1738.1 0.650778 0 0.759268 1 -1
1059.86 0 -1738.1 0 -1 0 1 -1
1059.86 0 -1738.1 -0.772576 0 0.634922 1 0
1020.93 0 -1785.47 0 -1 0 1 0
1020.93 0 -1785.47 -0.650776 0 -0.75927 1 0
1020.93 0 -1785.47 -0.772576 0 0.634922 1 -1
1066.35 0 -1824.4 0.772577 0 -0.634922 1 0
1066.35 0 -1824.4 0 -1 0 0 0
1066.35 0 -1824.4 -0.650776 0 -0.75927 1 -1
8 5 17
20 17 5
0 9 21
12 21 9
19 4 23
2 23 4
6 15 10
13 10 15
7 11 3
1 3 11
16 18 14
22 14 18
LABEL box
MATERIAL 3
TEXTURE 0
GEOM 24 12 ; box
1402.45 36.65 -2836.28 0 -1 0 0 0
1402.45 36.65 -2836.28 -0.341981 0 -0.939707 1 0
1402.45 36.65 -2836.28 -0.939693 0 0.34202 1 -1
1573.46 36.65 -2366.44 0.342026 0 0.93969 1 -1
1573.46 36.65 -2366.44 0 -1 0 1 0
1573.46 36.65 -2366.44 -0.939693 0 0.34202 1 0
1615.74 36.65 -2381.83 0.939692 0 -0.342021 1 -1
1615.74 36.65 -2381.83 0.342026 0 0.93969 1 0
1615.74 36.65 -2381.83 0 -1 0 1 -1
1444.73 36.65 -2851.67 0.939692 0 -0.342021 1 0
1444.73 36.65 -2851.67 0 -1 0 0 -1
1444.73 36.65 -2851.67 -0.341981 0 -0.939707 1 -1
1444.73 46.65 -2851.67 0.939692 0 -0.342021 0 0
1444.73 46.65 -2851.67 0 1 0 1 0
1444.73 46.65 -2851.67 -0.341981 0 -0.939707 0 -1
1615.74 46.65 -2381.83 0.939692 0 -0.342021 0 -1
1615.74 46.65 -2381.83 0.342026 0 0.93969 0 0
1615.74 46.65 -2381.83 0 1 0 1 -1
1573.46 46.65 -2366.44 0.342026 0 0.93969 0 -1
1573.46 46.65 -2366.44 0 1 0 0 -1
1573.46 46.65 -2366.44 -0.939693 0 0.34202 0 0
1402.45 46.65 -2836.28 0 1 0 0 0
1402.45 46.65 -2836.28 -0.341981 0 -0.939707 0 0
1402.45 46.65 -2836.28 -0.939693 0 0.34202 0 -1
4 0 8
10 8 0
19 17 21
13 21 17
12 15 9
6 9 15
20 23 5
2 5 23
1 22 11
14 11 22
18 3 16
7 16 3
LABEL box
MATERIAL 3
TEXTURE 0
GEOM 24 12 ; box
1558.43 46.65 -2408.4 0.939699 0 -0.342003 0 0
1558.43 46.65 -2408.4 0 1 0 0 0
1558.43 46.65 -2408.4 -0.34202 0 -0.939693 0 -1
1088.59 46.65 -2237.39 0 1 0 0 -1
1088.59 46.65 -2237.39 -0.34202 0 -0.939693 0 0
1088.59 46.65 -2237.39 -0.939693 0 0.34202 0 -1
1103.98 46.65 -2195.11 0.342021 0 0.939692 0 -1
1103.98 46.65 -2195.11 0 1 0 1 -1
1103.98 46.65 -2195.11 -0.939693 0 0.34202 0 0
1573.82 46.65 -2366.12 0.939699 0 -0.342003 0 -1
1573.82 46.65 -2366.12 0.342021 0 0.939692 0 0
1573.82 46.65 -2366.12 0 1 0 1 0
1573.82 36.65 -2366.12 0.939699 0 -0.342003 1 -1
1573.82 36.65 -2366.12 0.342021 0 0.939692 1 0
1573.82 36.65 -2366.12 0 -1 0 0 -1
1103.98 36.65 -2195.11 0.342021 0 0.939692 1 -1
1103.98 36.65 -2195.11 0 -1 0 1 -1
1103.98 36.65 -2195.11 -0.939693 0 0.34202 1 0
1088.59 36.65 -2237.39 0 -1 0 1 0
1088.59 36.65 -2237.39 -0.34202 0 -0.939693 1 0
1088.59 36.65 -2237.39 -0.939693 0 0.34202 1 -1
1558.43 36.65 -2408.4 0.939699 0 -0.342003 1 0
1558.43 36.65 -2408.4 0 -1 0 0 0
1558.43 36.65 -2408.4 -0.34202 0 -0.939693 1 -1
8 5 17
20 17 5
0 9 21
12 21 9
19 4 23
2 23 4
6 15 10
13 10 15
7 11 3
1 3 11
16 18 14
22 14 18
LABEL box
MATERIAL 3
TEXTURE 0
GEOM 24 12 ; box
962.498 83.3 -2286.98 0.939693 0 -0.34202 0 0
962.498 83.3 -2286.98 0 1 0 0 0
962.498 83.3 -2286.98 -0.342003 0 -0.939699 0 -1
920.212 83.3 -2271.59 0 1 0 0 -1
920.212 83.3 -2271.59 -0.342003 0 -0.939699 0 0
920.212 83.3 -2271.59 -0.939692 0 0.342023 0 -1
935.603 83.3 -2229.31 0.34202 0 0.939693 0 -1
935.603 83.3 -2229.31 0 1 0 1 -1
935.603 83.3 -2229.31 -0.939692 0 0.342023 0 0
977.889 83.3 -2244.7 0.939693 0 -0.34202 0 -1
977.889 83.3 -2244.7 0.34202 0 0.939693 0 0
977.889 83.3 -2244.7 0 1 0 1 0
977.889 0 -2244.7 0.939693 0 -0.34202 1 -1
977.889 0 -2244.7 0.34202 0 0.939693 1 0
977.889 0 -2244.7 0 -1 0 0 -1
935.603 0 -2229.31 0.34202 0 0.939693 1 -1
935.603 0 -2229.31 0 -1 0 1 -1
935.603 0 -2229.31 -0.939692 0 0.342023 1 0
920.212 0 -2271.59 0 -1 0 1 0
920.212 0 -2271.59 -0.342003 0 -0.939699 1 0
920.212 0 -2271.59 -0.939692 0 0.342023 1 -1
962.498 0 -2286.98 0.939693 0 -0.34202 1 0
962.498 0 -2286.98 0 -1 0 0 0
962.498 0 -2286.98 -0.342003 0 -0.939699 1 -1
8 5 17
20 17 5
0 9 21
12 21 9
19 4 23
2 23 4
6 15 10
13 10 15
7 11 3
1 3 11
16 18 14
22 14 18
LABEL box
MATERIAL 3
TEXTURE 0
GEOM 24 12 ; box
1085.06 -0.25004 -2237.33 0.939693 0 -0.342021 1 0
1085.06 -0.25004 -2237.33 0 -1 0 0 0
1085.06 -0.25004 -2237.33 -0.342009 0 -0.939697 1 -1
965.159 -0.25004 -2193.69 0 -1 0 1 0
965.159 -0.25004 -2193.69 -0.342009 0 -0.939697 1 0
965.159 -0.25004 -2193.69 -0.939692 0 0.342021 1 -1
1009.83 -0.25004 -2070.97 0.342021 0 0.939692 1 -1
1009.83 -0.25004 -2070.97 0 -1 0 1 -1
1009.83 -0.25004 -2070.97 -0.939692 0 0.342021 1 0
1129.73 -0.25004 -2114.61 0.939693 0 -0.342021 1 -1
1129.73 -0.25004 -2114.61 0.342021 0 0.939692 1 0
1129.73 -0.25004 -2114.61 0 -1 0 0 -1
1129.73 19.75 -2114.61 0.939693 0 -0.342021 0 -1
1129.73 19.75 -2114.61 0.342021 0 0.939692 0 0
1129.73 19.75 -2114.61 0 1 0 1 0
1009.83 19.75 -2070.97 0.342021 0 0.939692 0 -1
1009.83 19.75 -2070.97 0 1 0 1 -1
1009.83 19.75 -2070.97 -0.939692 0 0.342021 0 0
965.159 19.75 -2193.69 0 1 0 0 -1
965.159 19.75 -2193.69 -0.342009 0 -0.939697 0 0
965.159 19.75 -2193.69 -0.939692 0 0.342021 0 -1
1085.06 19.75 -2237.33 0.939693 0 -0.342021 0 0
1085.06 19.75 -2237.33 0 1 0 0 0
1085.06 19.75 -2237.33 -0.342009 0 -0.939697 0 -1
7 3 11
1 11 3
16 14 18
22 18 14
15 6 13
10 13 6
4 19 2
23 2 19
21 12 0
9 0 12
17 20 8
5 8 20
LABEL box
MATERIAL 3
TEXTURE 0
GEOM 24 12 ; box
1159.95 40.8 -1170.45 1 0 0 0 0
1159.95 40.8 -1170.45 9.19206e-006 0 -1 0 -1
1159.95 40.8 -1170.45 0 1 0 0 0
1093.55 40.8 -1170.45 9.19206e-006 0 -1 0 0
1093.55 40.8 -1170.45 0 1 0 0 -1
1093.55 40.8 -1170.45 -1 0 0 0 -1
1093.55 40.8 -1097.95 5.51523e-006 0 1 0 -1
1093.55 40.8 -1097.95 0 1 0 1 -1
1093.55 40.8 -1097.95 -1 0 0 0 0
1159.95 40.8 -1097.95 1 0 0 0 -1
1159.95 40.8 -1097.95 5.51523e-006 0 1 0 0
1159.95 40.8 -1097.95 0 1 0 1 0
1159.95 0 -1097.95 1 0 0 1 -1
1159.95 0 -1097.95 0 -1 0 0 -1
1159.95 0 -1097.95 5.51523e-006 0 1 1 0
1093.55 0 -1097.95 0 -1 0 1 -1
1093.55 0 -1097.95 5.51523e-006 0 1 1 -1
1093.55 0 -1097.95 -1 0 0 1 0
1093.55 0 -1170.45 0 -1 0 1 0
1093.55 0 -1170.45 9.19206e-006 0 -1 1 0
1093.55 0 -1170.45 -1 0 0 1 -1
1159.95 0 -1170.45 1 0 0 1 0
1159.95 0 -1170.45 0 -1 0 0 0
1159.95 0 -1170.45 9.19206e-006 0 -1 1 -1
8 5 17
20 17 5
0 9 21
12 21 9
19 3 23
1 23 3
6 16 10
14 10 16
11 2 7
4 7 2
13 15 22
18 22 15
LABEL box
MATERIAL 3
TEXTURE 0
GEOM 24 12 ; box
627.698 0 -2100.28 0.939692 0 -0.342022 1 0
627.698 0 -2100.28 0 -1 0 0 0
627.698 0 -2100.28 -0.342014 0 -0.939695 1 -1
585.412 0 -2084.89 0 -1 0 1 0
585.412 0 -2084.89 -0.342014 0 -0.939695 1 0
585.412 0 -2084.89 -0.939693 0 0.342021 1 -1
600.803 0 -2042.61 0.342022 0 0.939692 1 -1
600.803 0 -2042.61 0 -1 0 1 -1
600.803 0 -2042.61 -0.939693 0 0.342021 1 0
643.089 0 -2058 0.939692 0 -0.342022 1 -1
643.089 0 -2058 0.342022 0 0.939692 1 0
643.089 0 -2058 0 -1 0 0 -1
643.089 83.3 -2058 0.939692 0 -0.342022 0 -1
643.089 83.3 -2058 0.342022 0 0.939692 0 0
643.089 83.3 -2058 0 1 0 1 0
600.803 83.3 -2042.61 0.342022 0 0.939692 0 -1
600.803 83.3 -2042.61 0 1 0 1 -1
600.803 83.3 -2042.61 -0.939693 0 0.342021 0 0
585.412 83.3 -2084.89 0 1 0 0 -1
585.412 83.3 -2084.89 -0.342014 0 -0.939695 0 0
585.412 83.3 -2084.89 -0.939693 0 0.342021 0 -1
627.698 83.3 -2100.28 0.939692 0 -0.342022 0 0
627.698 83.3 -2100.28 0 1 0 0 0
627.698 83.3 -2100.28 -0.342014 0 -0.939695 0 -1
7 3 11
1 11 3
16 14 18
22 18 14
15 6 13
10 13 6
4 19 2
23 2 19
21 12 0
9 0 12
17 20 8
5 8 20
LABEL box
MATERIAL 3
TEXTURE 0
GEOM 24 12 ; box
794.298 179.2 -2012.79 0.939693 0 -0.34202 0 0
794.298 179.2 -2012.79 0 1 0 0 0
794.298 179.2 -2012.79 -0.342014 0 -0.939695 0 -1
752.012 179.2 -1997.39 0 1 0 0 -1
752.012 179.2 -1997.39 -0.342014 0 -0.939695 0 0
752.012 179.2 -1997.39 -0.939693 0 0.34202 0 -1
767.403 179.2 -1955.11 0.34202 0 0.939693 0 -1
767.403 179.2 -1955.11 0 1 0 1 -1
767.403 179.2 -1955.11 -0.939693 0 0.34202 0 0
809.689 179.2 -1970.5 0.939693 0 -0.34202 0 -1
809.689 179.2 -1970.5 0.34202 0 0.939693 0 0
809.689 179.2 -1970.5 0 1 0 1 0
809.689 0 -1970.5 0.939693 0 -0.34202 1 -1
809.689 0 -1970.5 0.34202 0 0.939693 1 0
809.689 0 -1970.5 0 -1 0 0 -1
767.403 0 -1955.11 0.34202 0 0.939693 1 -1
767.403 0 -1955.11 0 -1 0 1 -1
767.403 0 -1955.11 -0.939693 0 0.34202 1 0
752.012 0 -1997.39 0 -1 0 1 0
752.012 0 -1997.39 -0.342014 0 -0.939695 1 0
752.012 0 -1997.39 -0.939693 0 0.34202 1 -1
794.298 0 -2012.79 0.939693 0 -0.34202 1 0
794.298 0 -2012.79 0 -1 0 0 0
794.298 0 -2012.79 -0.342014 0 -0.939695 1 -1
8 5 17
20 17 5
0 9 21
12 21 9
19 4 23
2 23 4
6 15 10
13 10 15
7 11 3
1 3 11
16 18 14
22 14 18
LABEL box
MATERIAL 3
TEXTURE 0
GEOM 24 12 ; box
836.298 0 -1883.19 0.939693 0 -0.34202 1 0
836.298 0 -1883.19 0 -1 0 0 0
836.298 0 -1883.19 -0.342014 0 -0.939695 1 -1
794.012 0 -1867.79 0 -1 0 1 0
794.012 0 -1867.79 -0.342014 0 -0.939695 1 0
794.012 0 -1867.79 -0.939693 0 0.34202 1 -1
809.403 0 -1825.51 0.34202 0 0.939693 1 -1
809.403 0 -1825.51 0 -1 0 1 -1
809.403 0 -1825.51 -0.939693 0 0.34202 1 0
851.689 0 -1840.9 0.939693 0 -0.34202 1 -1
851.689 0 -1840.9 0.34202 0 0.939693 1 0
851.689 0 -1840.9 0 -1 0 0 -1
851.689 83.3 -1840.9 0.939693 0 -0.34202 0 -1
851.689 83.3 -1840.9 0.34202 0 0.939693 0 0
851.689 83.3 -1840.9 0 1 0 1 0
809.403 83.3 -1825.51 0.34202 0 0.939693 0 -1
809.403 83.3 -1825.51 0 1 0 1 -1
809.403 83.3 -1825.51 -0.939693 0 0.34202 0 0
794.012 83.3 -1867.79 0 1 0 0 -1
794.012 83.3 -1867.79 -0.342014 0 -0.939695 0 0
794.012 83.3 -1867.79 -0.939693 0 0.34202 0 -1
836.298 83.3 -1883.19 0.939693 0 -0.34202 0 0
836.298 83.3 -1883.19 0 1 0 0 0
836.298 83.3 -1883.19 -0.342014 0 -0.939695 0 -1
7 3 11
1 11 3
16 14 18
22 18 14
15 6 13
10 13 6
4 19 2
23 2 19
21 12 0
9 0 12
17 20 8
5 8 20
LABEL box
MATERIAL 3
TEXTURE 0
GEOM 24 12 ; box
848.098 83.3 -1785.59 0.939693 0 -0.34202 0 0
848.098 83.3 -1785.59 0 1 0 0 0
848.098 83.3 -1785.59 -0.342014 0 -0.939695 0 -1
805.812 83.3 -1770.19 0 1 0 0 -1
805.812 83.3 -1770.19 -0.342014 0 -0.939695 0 0
805.812 83.3 -1770.19 -0.939693 0 0.34202 0 -1
821.203 83.3 -1727.91 0.34202 0 0.939693 0 -1
821.203 83.3 -1727.91 0 1 0 1 -1
821.203 83.3 -1727.91 -0.939693 0 0.34202 0 0
863.489 83.3 -1743.3 0.939693 0 -0.34202 0 -1
863.489 83.3 -1743.3 0.34202 0 0.939693 0 0
863.489 83.3 -1743.3 0 1 0 1 0
863.489 0 -1743.3 0.939693 0 -0.34202 1 -1
863.489 0 -1743.3 0.34202 0 0.939693 1 0
863.489 0 -1743.3 0 -1 0 0 -1
821.203 0 -1727.91 0.34202 0 0.939693 1 -1
821.203 0 -1727.91 0 -1 0 1 -1
821.203 0 -1727.91 -0.939693 0 0.34202 1 0
805.812 0 -1770.19 0 -1 0 1 0
805.812 0 -1770.19 -0.342014 0 -0.939695 1 0
805.812 0 -1770.19 -0.939693 0 0.34202 1 -1
848.098 0 -1785.59 0.939693 0 -0.34202 1 0
848.098 0 -1785.59 0 -1 0 0 0
848.098 0 -1785.59 -0.342014 0 -0.939695 1 -1
8 5 17
20 17 5
0 9 21
12 21 9
19 4 23
2 23 4
6 15 10
13 10 15
7 11 3
1 3 11
16 18 14
22 14 18
LABEL box
MATERIAL 3
TEXTURE 0
GEOM 24 12 ; box
627.698 0 -2207.79 0.939693 0 -0.34202 1 0
627.698 0 -2207.79 0 -1 0 0 0
627.698 0 -2207.79 -0.342014 0 -0.939695 1 -1
585.412 0 -2192.39 0 -1 0 1 0
585.412 0 -2192.39 -0.342014 0 -0.939695 1 0
585.412 0 -2192.39 -0.939693 0 0.34202 1 -1
600.803 0 -2150.11 0.34202 0 0.939693 1 -1
600.803 0 -2150.11 0 -1 0 1 -1
600.803 0 -2150.11 -0.939693 0 0.34202 1 0
643.089 0 -2165.5 0.939693 0 -0.34202 1 -1
643.089 0 -2165.5 0.34202 0 0.939693 1 0
643.089 0 -2165.5 0 -1 0 0 -1
643.089 111.6 -2165.5 0.939693 0 -0.34202 0 -1
643.089 111.6 -2165.5 0.34202 0 0.939693 0 0
643.089 111.6 -2165.5 0 1 0 1 0
600.803 111.6 -2150.11 0.34202 0 0.939693 0 -1
600.803 111.6 -2150.11 0 1 0 1 -1
600.803 111.6 -2150.11 -0.939693 0 0.34202 0 0
585.412 111.6 -2192.39 0 1 0 0 -1
585.412 111.6 -2192.39 -0.342014 0 -0.939695 0 0
585.412 111.6 -2192.39 -0.939693 0 0.34202 0 -1
627.698 111.6 -2207.79 0.939693 0 -0.34202 0 0
627.698 111.6 -2207.79 0 1 0 0 0
627.698 111.6 -2207.79 -0.342014 0 -0.939695 0 -1
7 3 11
1 11 3
16 14 18
22 18 14
15 6 13
10 13 6
4 19 2
23 2 19
21 12 0
9 0 12
17 20 8
5 8 20
LABEL box
MATERIAL 3
TEXTURE 0
GEOM 24 12 ; box
787.498 157.6 -2125.39 0.939693 0 -0.34202 0 0
787.498 157.6 -2125.39 0 1 0 0 0
787.498 157.6 -2125.39 -0.342014 0 -0.939695 0 -1
745.212 157.6 -2109.99 0 1 0 0 -1
745.212 157.6 -2109.99 -0.342014 0 -0.939695 0 0
745.212 157.6 -2109.99 -0.939693 0 0.34202 0 -1
760.603 157.6 -2067.71 0.34202 0 0.939693 0 -1
760.603 157.6 -2067.71 0 1 0 1 -1
760.603 157.6 -2067.71 -0.939693 0 0.34202 0 0
802.889 157.6 -2083.1 0.939693 0 -0.34202 0 -1
802.889 157.6 -2083.1 0.34202 0 0.939693 0 0
802.889 157.6 -2083.1 0 1 0 1 0
802.889 0 -2083.1 0.939693 0 -0.34202 1 -1
802.889 0 -2083.1 0.34202 0 0.939693 1 0
802.889 0 -2083.1 0 -1 0 0 -1
760.603 0 -2067.71 0.34202 0 0.939693 1 -1
760.603 0 -2067.71 0 -1 0 1 -1
760.603 0 -2067.71 -0.939693 0 0.34202 1 0
745.212 0 -2109.99 0 -1 0 1 0
745.212 0 -2109.99 -0.342014 0 -0.939695 1 0
745.212 0 -2109.99 -0.939693 0 0.34202 1 -1
787.498 0 -2125.39 0.939693 0 -0.34202 1 0
787.498 0 -2125.39 0 -1 0 0 0
787.498 0 -2125.39 -0.342014 0 -0.939695 1 -1
8 5 17
20 17 5
0 9 21
12 21 9
19 4 23
2 23 4
6 15 10
13 10 15
7 11 3
1 3 11
16 18 14
22 14 18
LABEL box
MATERIAL 1
TEXTURE 0
GEOM 24 12 ; box
-4187.2 0 544.1 1 0 0 1 0
-4187.2 0 544.1 0 -1 0 0 0
-4187.2 0 544.1 0 0 -1 1 -1
-4318.2 0 544.1 0 -1 0 1 0
-4318.2 0 544.1 0 0 -1 1 0
-4318.2 0 544.1 -1 0 0 1 -1
-4318.2 0 651.1 0 -1 0 1 -1
-4318.2 0 651.1 0 0 1 1 -1
-4318.2 0 651.1 -1 0 0 1 0
-4187.2 0 651.1 1 0 0 1 -1
-4187.2 0 651.1 0 -1 0 0 -1
-4187.2 0 651.1 0 0 1 1 0
-4187.2 37 651.1 1 0 0 0 -1
-4187.2 37 651.1 0 0 1 0 0
-4187.2 37 651.1 0 1 0 1 0
-4318.2 37 651.1 0 0 1 0 -1
-4318.2 37 651.1 0 1 0 1 -1
-4318.2 37 651.1 -1 0 0 0 0
-4318.2 37 544.1 0 0 -1 0 0
-4318.2 37 544.1 0 1 0 0 -1
-4318.2 37 544.1 -1 0 0 0 -1
-4187.2 37 544.1 1 0 0 0 0
-4187.2 37 544.1 0 0 -1 0 -1
-4187.2 37 544.1 0 1 0 0 0
10 6 1
3 1 6
16 14 19
23 19 14
15 7 13
11 13 7
4 18 2
22 2 18
21 12 0
9 0 12
17 20 8
5 8 20
LABEL box
MATERIAL 6
TEXTURE 0
GEOM 24 12 ; box
-4575.7 0 572.1 1 0 0 1 0
-4575.7 0 572.1 0 -1 0 0 0
-4575.7 0 572.1 0 0 -1 1 -1
-5004.2 0 572.1 0 -1 0 1 0
-5004.2 0 572.1 0 0 -1 1 0
-5004.2 0 572.1 -1 0 0 1 -1
-5004.2 0 591.1 0 -1 0 1 -1
-5004.2 0 591.1 0 0 1 1 -1
-5004.2 0 591.1 -1 0 0 1 0
-4575.7 0 591.1 1 0 0 1 -1
-4575.7 0 591.1 0 -1 0 0 -1
-4575.7 0 591.1 0 0 1 1 0
-4575.7 32 591.1 1 0 0 0 -1
-4575.7 32 591.1 0 0 1 0 0
-4575.7 32 591.1 0 1 0 1 0
-5004.2 32 591.1 0 0 1 0 -1
-5004.2 32 591.1 0 1 0 1 -1
-5004.2 32 591.1 -1 0 0 0 0
-5004.2 32 572.1 0 0 -1 0 0
-5004.2 32 572.1 0 1 0 0 -1
-5004.2 32 572.1 -1 0 0 0 -1
-4575.7 32 572.1 1 0 0 0 0
-4575.7 32 572.1 0 0 -1 0 -1
-4575.7 32 572.1 0 1 0 0 0
10 6 1
3 1 6
16 14 19
23 19 14
15 7 13
11 13 7
4 18 2
22 2 18
21 12 0
9 0 12
17 20 8
5 8 20
LABEL box
MATERIAL 1
TEXTURE 0
GEOM 24 12 ; box
-5171.2 0 223.1 1 0 0 1 0
-5171.2 0 223.1 0 -1 0 0 0
-5171.2 0 223.1 0 0 -1 1 -1
-5302.2 0 223.1 0 -1 0 1 0
-5302.2 0 223.1 0 0 -1 1 0
-5302.2 0 223.1 -1 0 0 1 -1
-5302.2 0 330.1 0 -1 0 1 -1
-5302.2 0 330.1 0 0 1 1 -1
-5302.2 0 330.1 -1 0 0 1 0
-5171.2 0 330.1 1 0 0 1 -1
-5171.2 0 330.1 0 -1 0 0 -1
-5171.2 0 330.1 0 0 1 1 0
-5171.2 37 330.1 1 0 0 0 -1
-5171.2 37 330.1 0 0 1 0 0
-5171.2 37 330.1 0 1 0 1 0
-5302.2 37 330.1 0 0 1 0 -1
-5302.2 37 330.1 0 1 0 1 -1
-5302.2 37 330.1 -1 0 0 0 0
-5302.2 37 223.1 0 0 -1 0 0
-5302.2 37 223.1 0 1 0 0 -1
-5302.2 37 223.1 -1 0 0 0 -1
-5171.2 37 223.1 1 0 0 0 0
-5171.2 37 223.1 0 0 -1 0 -1
-5171.2 37 223.1 0 1 0 0 0
10 6 1
3 1 6
16 14 19
23 19 14
15 7 13
11 13 7
4 18 2
22 2 18
21 12 0
9 0 12
17 20 8
5 8 20
LABEL box
MATERIAL 1
TEXTURE 0
GEOM 24 12 ; box
-5032.2 37 223.1 1 0 0 0 0
-5032.2 37 223.1 0 0 -1 0 -1
-5032.2 37 223.1 0 1 0 0 0
-5163.2 37 223.1 0 0 -1 0 0
-5163.2 37 223.1 0 1 0 0 -1
-5163.2 37 223.1 -1 0 0 0 -1
-5163.2 37 330.1 0 0 1 0 -1
-5163.2 37 330.1 0 1 0 1 -1
-5163.2 37 330.1 -1 0 0 0 0
-5032.2 37 330.1 1 0 0 0 -1
-5032.2 37 330.1 0 0 1 0 0
-5032.2 37 330.1 0 1 0 1 0
-5032.2 0 330.1 1 0 0 1 -1
-5032.2 0 330.1 0 -1 0 0 -1
-5032.2 0 330.1 0 0 1 1 0
-5163.2 0 330.1 0 -1 0 1 -1
-5163.2 0 330.1 0 0 1 1 -1
-5163.2 0 330.1 -1 0 0 1 0
-5163.2 0 223.1 0 -1 0 1 0
-5163.2 0 223.1 0 0 -1 1 0
-5163.2 0 223.1 -1 0 0 1 -1
-5032.2 0 223.1 1 0 0 1 0
-5032.2 0 223.1 0 -1 0 0 0
-5032.2 0 223.1 0 0 -1 1 -1
8 5 17
20 17 5
0 9 21
12 21 9
19 3 23
1 23 3
6 16 10
14 10 16
7 11 4
2 4 11
13 15 22
18 22 15
LABEL box
MATERIAL 1
TEXTURE 0
GEOM 24 12 ; box
-4891.2 0 223.1 1 0 0 1 0
-4891.2 0 223.1 0 -1 0 0 0
-4891.2 0 223.1 0 0 -1 1 -1
-5022.2 0 223.1 0 -1 0 1 0
-5022.2 0 223.1 0 0 -1 1 0
-5022.2 0 223.1 -1 0 0 1 -1
-5022.2 0 330.1 0 -1 0 1 -1
-5022.2 0 330.1 0 0 1 1 -1
-5022.2 0 330.1 -1 0 0 1 0
-4891.2 0 330.1 1 0 0 1 -1
-4891.2 0 330.1 0 -1 0 0 -1
-4891.2 0 330.1 0 0 1 1 0
-4891.2 37 330.1 1 0 0 0 -1
-4891.2 37 330.1 0 0 1 0 0
-4891.2 37 330.1 0 1 0 1 0
-5022.2 37 330.1 0 0 1 0 -1
-5022.2 37 330.1 0 1 0 1 -1
-5022.2 37 330.1 -1 0 0 0 0
-5022.2 37 223.1 0 0 -1 0 0
-5022.2 37 223.1 0 1 0 0 -1
-5022.2 37 223.1 -1 0 0 0 -1
-4891.2 37 223.1 1 0 0 0 0
-4891.2 37 223.1 0 0 -1 0 -1
-4891.2 37 223.1 0 1 0 0 0
10 6 1
3 1 6
16 14 19
23 19 14
15 7 13
11 13 7
4 18 2
22 2 18
21 12 0
9 0 12
17 20 8
5 8 20
LABEL box
MATERIAL 1
TEXTURE 0
GEOM 24 12 ; box
-4751.2 37 223.1 1 0 0 0 0
-4751.2 37 223.1 0 0 -1 0 -1
-4751.2 37 223.1 0 1 0 0 0
-4882.2 37 223.1 0 0 -1 0 0
-4882.2 37 223.1 0 1 0 0 -1
-4882.2 37 223.1 -1 0 0 0 -1
-4882.2 37 330.1 0 0 1 0 -1
-4882.2 37 330.1 0 1 0 1 -1
-4882.2 37 330.1 -1 0 0 0 0
-4751.2 37 330.1 1 0 0 0 -1
-4751.2 37 330.1 0 0 1 0 0
-4751.2 37 330.1 0 1 0 1 0
-4751.2 0 330.1 1 0 0 1 -1
-4751.2 0 330.1 0 -1 0 0 -1
-4751.2 0 330.1 0 0 1 1 0
-4882.2 0 330.1 0 -1 0 1 -1
-4882.2 0 330.1 0 0 1 1 -1
-4882.2 0 330.1 -1 0 0 1 0
-4882.2 0 223.1 0 -1 0 1 0
-4882.2 0 223.1 0 0 -1 1 0
-4882.2 0 223.1 -1 0 0 1 -1
-4751.2 0 223.1 1 0 0 1 0
-4751.2 0 223.1 0 -1 0 0 0
-4751.2 0 223.1 0 0 -1 1 -1
8 5 17
20 17 5
0 9 21
12 21 9
19 3 23
1 23 3
6 16 10
14 10 16
7 11 4
2 4 11
13 15 22
18 22 15
LABEL box
MATERIAL 1
TEXTURE 0
GEOM 24 12 ; box
-4613.2 0 223.1 1 0 0 1 0
-4613.2 0 223.1 0 -1 0 0 0
-4613.2 0 223.1 0 0 -1 1 -1
-4744.2 0 223.1 0 -1 0 1 0
-4744.2 0 223.1 0 0 -1 1 0
-4744.2 0 223.1 -1 0 0 1 -1
-4744.2 0 330.1 0 -1 0 1 -1
-4744.2 0 330.1 0 0 1 1 -1
-4744.2 0 330.1 -1 0 0 1 0
-4613.2 0 330.1 1 0 0 1 -1
-4613.2 0 330.1 0 -1 0 0 -1
-4613.2 0 330.1 0 0 1 1 0
-4613.2 37 330.1 1 0 0 0 -1
-4613.2 37 330.1 0 0 1 0 0
-4613.2 37 330.1 0 1 0 1 0
-4744.2 37 330.1 0 0 1 0 -1
-4744.2 37 330.1 0 1 0 1 -1
-4744.2 37 330.1 -1 0 0 0 0
-4744.2 37 223.1 0 0 -1 0 0
-4744.2 37 223.1 0 1 0 0 -1
-4744.2 37 223.1 -1 0 0 0 -1
-4613.2 37 223.1 1 0 0 0 0
-4613.2 37 223.1 0 0 -1 0 -1
-4613.2 37 223.1 0 1 0 0 0
10 6 1
3 1 6
16 14 19
23 19 14
15 7 13
11 13 7
4 18 2
22 2 18
21 12 0
9 0 12
17 20 8
5 8 20
LABEL box
MATERIAL 4
TEXTURE 0
GEOM 24 12 ; box
-12.2 38 126.6 1 0 0 0 0
-12.2 38 126.6 0 0 -1 0 -1
-12.2 38 126.6 0 1 0 0 0
-182.2 38 126.6 0 0 -1 0 0
-182.2 38 126.6 0 1 0 0 -1
-182.2 38 126.6 -1 0 0 0 -1
-182.2 38 270.6 0 0 1 0 -1
-182.2 38 270.6 0 1 0 1 -1
-182.2 38 270.6 -1 0 0 0 0
-12.2 38 270.6 1 0 0 0 -1
-12.2 38 270.6 0 0 1 0 0
-12.2 38 270.6 0 1 0 1 0
-12.2 0 270.6 1 0 0 1 -1
-12.2 0 270.6 0 -1 0 0 -1
-12.2 0 270.6 0 0 1 1 0
-182.2 0 270.6 0 -1 0 1 -1
-182.2 0 270.6 0 0 1 1 -1
-182.2 0 270.6 -1 0 0 1 0
-182.2 0 126.6 0 -1 0 1 0
-182.2 0 126.6 0 0 -1 1 0
-182.2 0 126.6 -1 0 0 1 -1
-12.2 0 126.6 1 0 0 1 0
-12.2 0 126.6 0 -1 0 0 0
-12.2 0 126.6 0 0 -1 1 -1
8 5 17
20 17 5
0 9 21
12 21 9
19 3 23
1 23 3
6 16 10
14 10 16
7 11 4
2 4 11
13 15 22
18 22 15
LABEL box
MATERIAL 4
TEXTURE 0
GEOM 24 12 ; box
-191.2 0 126.6 1 0 0 1 0
-191.2 0 126.6 0 -1 0 0 0
-191.2 0 126.6 0 0 -1 1 -1
-361.2 0 126.6 0 -1 0 1 0
-361.2 0 126.6 0 0 -1 1 0
-361.2 0 126.6 -1 0 0 1 -1
-361.2 0 270.6 0 -1 0 1 -1
-361.2 0 270.6 0 0 1 1 -1
-361.2 0 270.6 -1 0 0 1 0
-191.2 0 270.6 1 0 0 1 -1
-191.2 0 270.6 0 -1 0 0 -1
-191.2 0 270.6 0 0 1 1 0
-191.2 38 270.6 1 0 0 0 -1
-191.2 38 270.6 0 0 1 0 0
-191.2 38 270.6 0 1 0 1 0
-361.2 38 270.6 0 0 1 0 -1
-361.2 38 270.6 0 1 0 1 -1
-361.2 38 270.6 -1 0 0 0 0
-361.2 38 126.6 0 0 -1 0 0
-361.2 38 126.6 0 1 0 0 -1
-361.2 38 126.6 -1 0 0 0 -1
-191.2 38 126.6 1 0 0 0 0
-191.2 38 126.6 0 0 -1 0 -1
-191.2 38 126.6 0 1 0 0 0
10 6 1
3 1 6
16 14 19
23 19 14
15 7 13
11 13 7
4 18 2
22 2 18
21 12 0
9 0 12
17 20 8
5 8 20
LABEL box
MATERIAL 4
TEXTURE 0
GEOM 24 12 ; box
-372.2 38 126.6 1 0 0 0 0
-372.2 38 126.6 0 0 -1 0 -1
-372.2 38 126.6 0 1 0 0 0
-542.2 38 126.6 0 0 -1 0 0
-542.2 38 126.6 0 1 0 0 -1
-542.2 38 126.6 -1 0 0 0 -1
-542.2 38 270.6 0 0 1 0 -1
-542.2 38 270.6 0 1 0 1 -1
-542.2 38 270.6 -1 0 0 0 0
-372.2 38 270.6 1 0 0 0 -1
-372.2 38 270.6 0 0 1 0 0
-372.2 38 270.6 0 1 0 1 0
-372.2 0 270.6 1 0 0 1 -1
-372.2 0 270.6 0 -1 0 0 -1
-372.2 0 270.6 0 0 1 1 0
-542.2 0 270.6 0 -1 0 1 -1
-542.2 0 270.6 0 0 1 1 -1
-542.2 0 270.6 -1 0 0 1 0
-542.2 0 126.6 0 -1 0 1 0
-542.2 0 126.6 0 0 -1 1 0
-542.2 0 126.6 -1 0 0 1 -1
-372.2 0 126.6 1 0 0 1 0
-372.2 0 126.6 0 -1 0 0 0
-372.2 0 126.6 0 0 -1 1 -1
8 5 17
20 17 5
0 9 21
12 21 9
19 3 23
1 23 3
6 16 10
14 10 16
7 11 4
2 4 11
13 15 22
18 22 15
LABEL box
MATERIAL 4
TEXTURE 0
GEOM 24 12 ; box
-551.2 0 126.6 1 0 0 1 0
-551.2 0 126.6 0 -1 0 0 0
-551.2 0 126.6 0 0 -1 1 -1
-721.2 0 126.6 0 -1 0 1 0
-721.2 0 126.6 0 0 -1 1 0
-721.2 0 126.6 -1 0 0 1 -1
-721.2 0 270.6 0 -1 0 1 -1
-721.2 0 270.6 0 0 1 1 -1
-721.2 0 270.6 -1 0 0 1 0
-551.2 0 270.6 1 0 0 1 -1
-551.2 0 270.6 0 -1 0 0 -1
-551.2 0 270.6 0 0 1 1 0
-551.2 38 270.6 1 0 0 0 -1
-551.2 38 270.6 0 0 1 0 0
-551.2 38 270.6 0 1 0 1 0
-721.2 38 270.6 0 0 1 0 -1
-721.2 38 270.6 0 1 0 1 -1
-721.2 38 270.6 -1 0 0 0 0
-721.2 38 126.6 0 0 -1 0 0
-721.2 38 126.6 0 1 0 0 -1
-721.2 38 126.6 -1 0 0 0 -1
-551.2 38 126.6 1 0 0 0 0
-551.2 38 126.6 0 0 -1 0 -1
-551.2 38 126.6 0 1 0 0 0
10 6 1
3 1 6
16 14 19
23 19 14
15 7 13
11 13 7
4 18 2
22 2 18
21 12 0
9 0 12
17 20 8
5 8 20
LABEL box
MATERIAL 4
TEXTURE 0
GEOM 24 12 ; box
-730.2 38 126.6 1 0 0 0 0
-730.2 38 126.6 0 0 -1 0 -1
-730.2 38 126.6 0 1 0 0 0
-900.2 38 126.6 0 0 -1 0 0
-900.2 38 126.6 0 1 0 0 -1
-900.2 38 126.6 -1 0 0 0 -1
-900.2 38 270.6 0 0 1 0 -1
-900.2 38 270.6 0 1 0 1 -1
-900.2 38 270.6 -1 0 0 0 0
-730.2 38 270.6 1 0 0 0 -1
-730.2 38 270.6 0 0 1 0 0
-730.2 38 270.6 0 1 0 1 0
-730.2 0 270.6 1 0 0 1 -1
-730.2 0 270.6 0 -1 0 0 -1
-730.2 0 270.6 0 0 1 1 0
-900.2 0 270.6 0 -1 0 1 -1
-900.2 0 270.6 0 0 1 1 -1
-900.2 0 270.6 -1 0 0 1 0
-900.2 0 126.6 0 -1 0 1 0
-900.2 0 126.6 0 0 -1 1 0
-900.2 0 126.6 -1 0 0 1 -1
-730.2 0 126.6 1 0 0 1 0
-730.2 0 126.6 0 -1 0 0 0
-730.2 0 126.6 0 0 -1 1 -1
8 5 17
20 17 5
0 9 21
12 21 9
19 3 23
1 23 3
6 16 10
14 10 16
7 11 4
2 4 11
13 15 22
18 22 15
LABEL box
MATERIAL 1
TEXTURE 0
GEOM 24 12 ; box
-4475.2 37 223.1 1 0 0 0 0
-4475.2 37 223.1 0 0 -1 0 -1
-4475.2 37 223.1 0 1 0 0 0
-4606.2 37 223.1 0 0 -1 0 0
-4606.2 37 223.1 0 1 0 0 -1
-4606.2 37 223.1 -1 0 0 0 -1
-4606.2 37 330.1 0 0 1 0 -1
-4606.2 37 330.1 0 1 0 1 -1
-4606.2 37 330.1 -1 0 0 0 0
-4475.2 37 330.1 1 0 0 0 -1
-4475.2 37 330.1 0 0 1 0 0
-4475.2 37 330.1 0 1 0 1 0
-4475.2 0 330.1 1 0 0 1 -1
-4475.2 0 330.1 0 -1 0 0 -1
-4475.2 0 330.1 0 0 1 1 0
-4606.2 0 330.1 0 -1 0 1 -1
-4606.2 0 330.1 0 0 1 1 -1
-4606.2 0 330.1 -1 0 0 1 0
-4606.2 0 223.1 0 -1 0 1 0
-4606.2 0 223.1 0 0 -1 1 0
-4606.2 0 223.1 -1 0 0 1 -1
-4475.2 0 223.1 1 0 0 1 0
-4475.2 0 223.1 0 -1 0 0 0
-4475.2 0 223.1 0 0 -1 1 -1
8 5 17
20 17 5
0 9 21
12 21 9
19 3 23
1 23 3
6 16 10
14 10 16
7 11 4
2 4 11
13 15 22
18 22 15
LABEL box
MATERIAL 6
TEXTURE 0
GEOM 24 12 ; box
-5004.2 120 484.9 1 0 0 0 0
-5004.2 120 484.9 0 0 -1 0 -1
-5004.2 120 484.9 0 1 0 0 0
-5250.2 120 484.9 0 0 -1 0 0
-5250.2 120 484.9 0 1 0 0 -1
-5250.2 120 484.9 -1 0 0 0 -1
-5250.2 120 646.5 0 0 1 0 -1
-5250.2 120 646.5 0 1 0 1 -1
-5250.2 120 646.5 -1 0 0 0 0
-5004.2 120 646.5 1 0 0 0 -1
-5004.2 120 646.5 0 0 1 0 0
-5004.2 120 646.5 0 1 0 1 0
-5004.2 0 646.5 1 0 0 1 -1
-5004.2 0 646.5 0 -1 0 0 -1
-5004.2 0 646.5 0 0 1 1 0
-5250.2 0 646.5 0 -1 0 1 -1
-5250.2 0 646.5 0 0 1 1 -1
-5250.2 0 646.5 -1 0 0 1 0
-5250.2 0 484.9 0 -1 0 1 0
-5250.2 0 484.9 0 0 -1 1 0
-5250.2 0 484.9 -1 0 0 1 -1
-5004.2 0 484.9 1 0 0 1 0
-5004.2 0 484.9 0 -1 0 0 0
-5004.2 0 484.9 0 0 -1 1 -1
8 5 17
20 17 5
0 9 21
12 21 9
19 3 23
1 23 3
6 16 10
14 10 16
7 11 4
2 4 11
13 15 22
18 22 15
LABEL box
MATERIAL 3
TEXTURE 0
GEOM 24 12 ; box
-1757.4 81 1651.2 1 0 0 0 0
-1757.4 81 1651.2 0 0 -1 0 -1
-1757.4 81 1651.2 0 1 0 0 0
-1957.4 81 1651.2 0 0 -1 0 0
-1957.4 81 1651.2 0 1 0 0 -1
-1957.4 81 1651.2 -1 0 0 0 -1
-1957.4 81 1851.2 0 0 1 0 -1
-1957.4 81 1851.2 0 1 0 1 -1
-1957.4 81 1851.2 -1 0 0 0 0
-1757.4 81 1851.2 1 0 0 0 -1
-1757.4 81 1851.2 0 0 1 0 0
-1757.4 81 1851.2 0 1 0 1 0
-1757.4 1 1851.2 1 0 0 1 -1
-1757.4 1 1851.2 0 -1 0 0 -1
-1757.4 1 1851.2 0 0 1 1 0
-1957.4 1 1851.2 0 -1 0 1 -1
-1957.4 1 1851.2 0 0 1 1 -1
-1957.4 1 1851.2 -1 0 0 1 0
-1957.4 1 1651.2 0 -1 0 1 0
-1957.4 1 1651.2 0 0 -1 1 0
-1957.4 1 1651.2 -1 0 0 1 -1
-1757.4 1 1651.2 1 0 0 1 0
-1757.4 1 1651.2 0 -1 0 0 0
-1757.4 1 1651.2 0 0 -1 1 -1
8 5 17
20 17 5
0 9 21
12 21 9
19 3 23
1 23 3
6 16 10
14 10 16
7 11 4
2 4 11
13 15 22
18 22 15
LABEL box
MATERIAL 2
TEXTURE 0
GEOM 24 12 ; box
-747.3 40 553.8 1 0 0 0 0
-747.3 40 553.8 0 0 -1 0 -1
-747.3 40 553.8 0 1 0 0 0
-858.3 40 553.8 0 0 -1 0 0
-858.3 40 553.8 0 1 0 0 -1
-858.3 40 553.8 -1 0 0 0 -1
-858.3 40 654 0 0 1 0 -1
-858.3 40 654 0 1 0 1 -1
-858.3 40 654 -1 0 0 0 0
-747.3 40 654 1 0 0 0 -1
-747.3 40 654 0 0 1 0 0
-747.3 40 654 0 1 0 1 0
-747.3 0 654 1 0 0 1 -1
-747.3 0 654 0 -1 0 0 -1
-747.3 0 654 0 0 1 1 0
-858.3 0 654 0 -1 0 1 -1
-858.3 0 654 0 0 1 1 -1
-858.3 0 654 -1 0 0 1 0
-858.3 0 553.8 0 -1 0 1 0
-858.3 0 553.8 0 0 -1 1 0
-858.3 0 553.8 -1 0 0 1 -1
-747.3 0 553.8 1 0 0 1 0
-747.3 0 553.8 0 -1 0 0 0
-747.3 0 553.8 0 0 -1 1 -1
8 5 17
20 17 5
0 9 21
12 21 9
19 3 23
1 23 3
6 16 10
14 10 16
7 11 4
2 4 11
13 15 22
18 22 15
LABEL box
MATERIAL 2
TEXTURE 0
GEOM 24 12 ; box
-574.9 0 553.8 1 0 0 1 0
-574.9 0 553.8 0 -1 0 0 0
-574.9 0 553.8 0 0 -1 1 -1
-685.9 0 553.8 0 -1 0 1 0
-685.9 0 553.8 0 0 -1 1 0
-685.9 0 553.8 -1 0 0 1 -1
-685.9 0 654 0 -1 0 1 -1
-685.9 0 654 0 0 1 1 -1
-685.9 0 654 -1 0 0 1 0
-574.9 0 654 1 0 0 1 -1
-574.9 0 654 0 -1 0 0 -1
-574.9 0 654 0 0 1 1 0
-574.9 40 654 1 0 0 0 -1
-574.9 40 654 0 0 1 0 0
-574.9 40 654 0 1 0 1 0
-685.9 40 654 0 0 1 0 -1
-685.9 40 654 0 1 0 1 -1
-685.9 40 654 -1 0 0 0 0
-685.9 40 553.8 0 0 -1 0 0
-685.9 40 553.8 0 1 0 0 -1
-685.9 40 553.8 -1 0 0 0 -1
-574.9 40 553.8 1 0 0 0 0
-574.9 40 553.8 0 0 -1 0 -1
-574.9 40 553.8 0 1 0 0 0
10 6 1
3 1 6
16 14 19
23 19 14
15 7 13
11 13 7
4 18 2
22 2 18
21 12 0
9 0 12
17 20 8
5 8 20
LABEL box
MATERIAL 2
TEXTURE 0
GEOM 24 12 ; box
-415.8 40 553.8 1 0 0 0 0
-415.8 40 553.8 0 0 -1 0 -1
-415.8 40 553.8 0 1 0 0 0
-526.8 40 553.8 0 0 -1 0 0
-526.8 40 553.8 0 1 0 0 -1
-526.8 40 553.8 -1 0 0 0 -1
-526.8 40 654 0 0 1 0 -1
-526.8 40 654 0 1 0 1 -1
-526.8 40 654 -1 0 0 0 0
-415.8 40 654 1 0 0 0 -1
-415.8 40 654 0 0 1 0 0
-415.8 40 654 0 1 0 1 0
-415.8 0 654 1 0 0 1 -1
-415.8 0 654 0 -1 0 0 -1
-415.8 0 654 0 0 1 1 0
-526.8 0 654 0 -1 0 1 -1
-526.8 0 654 0 0 1 1 -1
-526.8 0 654 -1 0 0 1 0
-526.8 0 553.8 0 -1 0 1 0
-526.8 0 553.8 0 0 -1 1 0
-526.8 0 553.8 -1 0 0 1 -1
-415.8 0 553.8 1 0 0 1 0
-415.8 0 553.8 0 -1 0 0 0
-415.8 0 553.8 0 0 -1 1 -1
8 5 17
20 17 5
0 9 21
12 21 9
19 3 23
1 23 3
6 16 10
14 10 16
7 11 4
2 4 11
13 15 22
18 22 15
LABEL box
MATERIAL 2
TEXTURE 0
GEOM 24 12 ; box
-256.7 0 553.8 1 0 0 1 0
-256.7 0 553.8 0 -1 0 0 0
-256.7 0 553.8 0 0 -1 1 -1
-367.7 0 553.8 0 -1 0 1 0
-367.7 0 553.8 0 0 -1 1 0
-367.7 0 553.8 -1 0 0 1 -1
-367.7 0 654 0 -1 0 1 -1
-367.7 0 654 0 0 1 1 -1
-367.7 0 654 -1 0 0 1 0
-256.7 0 654 1 0 0 1 -1
-256.7 0 654 0 -1 0 0 -1
-256.7 0 654 0 0 1 1 0
-256.7 40 654 1 0 0 0 -1
-256.7 40 654 0 0 1 0 0
-256.7 40 654 0 1 0 1 0
-367.7 40 654 0 0 1 0 -1
-367.7 40 654 0 1 0 1 -1
-367.7 40 654 -1 0 0 0 0
-367.7 40 553.8 0 0 -1 0 0
-367.7 40 553.8 0 1 0 0 -1
-367.7 40 553.8 -1 0 0 0 -1
-256.7 40 553.8 1 0 0 0 0
-256.7 40 553.8 0 0 -1 0 -1
-256.7 40 553.8 0 1 0 0 0
10 6 1
3 1 6
16 14 19
23 19 14
15 7 13
11 13 7
4 18 2
22 2 18
21 12 0
9 0 12
17 20 8
5 8 20
LABEL box
MATERIAL 2
TEXTURE 0
GEOM 24 12 ; box
-97.5 40 553.8 1 0 0 0 0
-97.5 40 553.8 0 0 -1 0 -1
-97.5 40 553.8 0 1 0 0 0
-208.5 40 553.8 0 0 -1 0 0
-208.5 40 553.8 0 1 0 0 -1
-208.5 40 553.8 -1 0 0 0 -1
-208.5 40 654 0 0 1 0 -1
-208.5 40 654 0 1 0 1 -1
-208.5 40 654 -1 0 0 0 0
-97.5 40 654 1 0 0 0 -1
-97.5 40 654 0 0 1 0 0
-97.5 40 654 0 1 0 1 0
-97.5 0 654 1 0 0 1 -1
-97.5 0 654 0 -1 0 0 -1
-97.5 0 654 0 0 1 1 0
-208.5 0 654 0 -1 0 1 -1
-208.5 0 654 0 0 1 1 -1
-208.5 0 654 -1 0 0 1 0
-208.5 0 553.8 0 -1 0 1 0
-208.5 0 553.8 0 0 -1 1 0
-208.5 0 553.8 -1 0 0 1 -1
-97.5 0 553.8 1 0 0 1 0
-97.5 0 553.8 0 -1 0 0 0
-97.5 0 553.8 0 0 -1 1 -1
8 5 17
20 17 5
0 9 21
12 21 9
19 3 23
1 23 3
6 16 10
14 10 16
7 11 4
2 4 11
13 15 22
18 22 15
LABEL box
MATERIAL 3
TEXTURE 0
GEOM 24 12 ; box
-1566.85 0 1432.85 1 0 0 1 0
-1566.85 0 1432.85 0 -1 0 0 0
-1566.85 0 1432.85 0 0 -1 1 -1
-1611.85 0 1432.85 0 -1 0 1 0
