MSHX1
GROUPS 48
LABEL box
MATERIAL 1
TEXTURE 0
GEOM 24 12 ; box
-2545.29 30.6 1929.72 0.984808 0 -0.173645 1 0
-2545.29 30.6 1929.72 0 -1 0 0 0
-2545.29 30.6 1929.72 -0.173652 0 -0.984807 1 -1
-2564.98 30.6 1933.19 0 -1 0 1 0
-2564.98 30.6 1933.19 -0.173652 0 -0.984807 1 0
-2564.98 30.6 1933.19 -0.984808 0 0.173645 1 -1
-2561.51 30.6 1952.88 0.173652 0 0.984807 1 -1
-2561.51 30.6 1952.88 0 -1 0 1 -1
-2561.51 30.6 1952.88 -0.984808 0 0.173645 1 0
-2541.82 30.6 1949.41 0.984808 0 -0.173645 1 -1
-2541.82 30.6 1949.41 0.173652 0 0.984807 1 0
-2541.82 30.6 1949.41 0 -1 0 0 -1
-2541.82 60.6 1949.41 0.984808 0 -0.173645 0 -1
-2541.82 60.6 1949.41 0.173652 0 0.984807 0 0
-2541.82 60.6 1949.41 0 1 0 1 0
-2561.51 60.6 1952.88 0.173652 0 0.984807 0 -1
-2561.51 60.6 1952.88 0 1 0 1 -1
-2561.51 60.6 1952.88 -0.984808 0 0.173645 0 0
-2564.98 60.6 1933.19 0 1 0 0 -1
-2564.98 60.6 1933.19 -0.173652 0 -0.984807 0 0
-2564.98 60.6 1933.19 -0.984808 0 0.173645 0 -1
-2545.29 60.6 1929.72 0.984808 0 -0.173645 0 0
-2545.29 60.6 1929.72 0 1 0 0 0
-2545.29 60.6 1929.72 -0.173652 0 -0.984807 0 -1
17 20 8
5 8 20
21 12 0
9 0 12
4 19 2
23 2 19
15 6 13
10 13 6
16 14 18
22 18 14
7 3 11
1 11 3
LABEL box
MATERIAL 1
TEXTURE 0
GEOM 24 12 ; box
-2574.09 60.6 1933.82 0.984808 0 -0.173645 0 0
-2574.09 60.6 1933.82 0 1 0 0 0
-2574.09 60.6 1933.82 -0.173652 0 -0.984807 0 -1
-2593.78 60.6 1937.29 0 1 0 0 -1
-2593.78 60.6 1937.29 -0.173652 0 -0.984807 0 0
-2593.78 60.6 1937.29 -0.984808 0 0.173645 0 -1
-2590.31 60.6 1956.98 0.173652 0 0.984807 0 -1
-2590.31 60.6 1956.98 0 1 0 1 -1
-2590.31 60.6 1956.98 -0.984808 0 0.173645 0 0
-2570.62 60.6 1953.51 0.984808 0 -0.173645 0 -1
-2570.62 60.6 1953.51 0.173652 0 0.984807 0 0
-2570.62 60.6 1953.51 0 1 0 1 0
-2570.62 30.6 1953.51 0.984808 0 -0.173645 1 -1
-2570.62 30.6 1953.51 0.173652 0 0.984807 1 0
-2570.62 30.6 1953.51 0 -1 0 0 -1
-2590.31 30.6 1956.98 0.173652 0 0.984807 1 -1
-2590.31 30.6 1956.98 0 -1 0 1 -1
-2590.31 30.6 1956.98 -0.984808 0 0.173645 1 0
-2593.78 30.6 1937.29 0 -1 0 1 0
-2593.78 30.6 1937.29 -0.173652 0 -0.984807 1 0
-2593.78 30.6 1937.29 -0.984808 0 0.173645 1 -1
-2574.09 30.6 1933.82 0.984808 0 -0.173645 1 0
-2574.09 30.6 1933.82 0 -1 0 0 0
-2574.09 30.6 1933.82 -0.173652 0 -0.984807 1 -1
16 18 14
22 14 18
7 11 3
1 3 11
6 15 10
13 10 15
19 4 23
2 23 4
0 9 21
12 21 9
8 5 17
20 17 5
LABEL box
MATERIAL 4
TEXTURE 0
GEOM 24 12 ; box
1120.8 0 -1599.39 0.939693 0 -0.342019 1 0
1120.8 0 -1599.39 0 -1 0 0 0
1120.8 0 -1599.39 -0.342014 0 -0.939695 1 -1
1078.51 0 -1584 0 -1 0 1 0
1078.51 0 -1584 -0.342014 0 -0.939695 1 0
1078.51 0 -1584 -0.939693 0 0.34202 1 -1
1093.9 0 -1541.71 0.34202 0 0.939693 1 -1
1093.9 0 -1541.71 0 -1 0 1 -1
1093.9 0 -1541.71 -0.939693 0 0.34202 1 0
1136.19 0 -1557.1 0.939693 0 -0.342019 1 -1
1136.19 0 -1557.1 0.34202 0 0.939693 1 0
1136.19 0 -1557.1 0 -1 0 0 -1
1136.19 157.6 -1557.1 0.939693 0 -0.342019 0 -1
1136.19 157.6 -1557.1 0.34202 0 0.939693 0 0
1136.19 157.6 -1557.1 0 1 0 1 0
1093.9 157.6 -1541.71 0.34202 0 0.939693 0 -1
1093.9 157.6 -1541.71 0 1 0 1 -1
1093.9 157.6 -1541.71 -0.939693 0 0.34202 0 0
1078.51 157.6 -1584 0 1 0 0 -1
1078.51 157.6 -1584 -0.342014 0 -0.939695 0 0
1078.51 157.6 -1584 -0.939693 0 0.34202 0 -1
1120.8 157.6 -1599.39 0.939693 0 -0.342019 0 0
1120.8 157.6 -1599.39 0 1 0 0 0
1120.8 157.6 -1599.39 -0.342014 0 -0.939695 0 -1
17 20 8
5 8 20
21 12 0
9 0 12
4 19 2
23 2 19
15 6 13
10 13 6
16 14 18
22 18 14
7 3 11
1 11 3
LABEL box
MATERIAL 4
TEXTURE 0
GEOM 24 12 ; box
960.998 83.3 -1574.29 0.939692 0 -0.342022 0 0
960.998 83.3 -1574.29 0 1 0 0 0
960.998 83.3 -1574.29 -0.342014 0 -0.939695 0 -1
918.712 83.3 -1558.9 0 1 0 0 -1
918.712 83.3 -1558.9 -0.342014 0 -0.939695 0 0
918.712 83.3 -1558.9 -0.939692 0 0.342021 0 -1
934.102 83.3 -1516.61 0.342022 0 0.939692 0 -1
934.102 83.3 -1516.61 0 1 0 1 -1
934.102 83.3 -1516.61 -0.939692 0 0.342021 0 0
976.389 83.3 -1532 0.939692 0 -0.342022 0 -1
976.389 83.3 -1532 0.342022 0 0.939692 0 0
976.389 83.3 -1532 0 1 0 1 0
976.389 0 -1532 0.939692 0 -0.342022 1 -1
976.389 0 -1532 0.342022 0 0.939692 1 0
976.389 0 -1532 0 -1 0 0 -1
934.102 0 -1516.61 0.342022 0 0.939692 1 -1
934.102 0 -1516.61 0 -1 0 1 -1
934.102 0 -1516.61 -0.939692 0 0.342021 1 0
918.712 0 -1558.9 0 -1 0 1 0
918.712 0 -1558.9 -0.342014 0 -0.939695 1 0
918.712 0 -1558.9 -0.939692 0 0.342021 1 -1
960.998 0 -1574.29 0.939692 0 -0.342022 1 0
960.998 0 -1574.29 0 -1 0 0 0
960.998 0 -1574.29 -0.342014 0 -0.939695 1 -1
16 18 14
22 14 18
7 11 3
1 3 11
6 15 10
13 10 15
19 4 23
2 23 4
0 9 21
12 21 9
8 5 17
20 17 5
LABEL box
MATERIAL 4
TEXTURE 0
GEOM 24 12 ; box
897.969 19.75 -2286.63 0.939693 0 -0.34202 0 0
897.969 19.75 -2286.63 0 1 0 0 0
897.969 19.75 -2286.63 -0.342009 0 -0.939697 0 -1
778.064 19.75 -2242.99 0 1 0 0 -1
778.064 19.75 -2242.99 -0.342009 0 -0.939697 0 0
778.064 19.75 -2242.99 -0.939692 0 0.342021 0 -1
822.732 19.75 -2120.27 0.342021 0 0.939692 0 -1
822.732 19.75 -2120.27 0 1 0 1 -1
822.732 19.75 -2120.27 -0.939692 0 0.342021 0 0
942.636 19.75 -2163.91 0.939693 0 -0.34202 0 -1
942.636 19.75 -2163.91 0.342021 0 0.939692 0 0
942.636 19.75 -2163.91 0 1 0 1 0
942.636 -0.250008 -2163.91 0.939693 0 -0.34202 1 -1
942.636 -0.250008 -2163.91 0.342021 0 0.939692 1 0
942.636 -0.250008 -2163.91 0 -1 0 0 -1
822.732 -0.250008 -2120.27 0.342021 0 0.939692 1 -1
822.732 -0.250008 -2120.27 0 -1 0 1 -1
822.732 -0.250008 -2120.27 -0.939692 0 0.342021 1 0
778.064 -0.250008 -2242.99 0 -1 0 1 0
778.064 -0.250008 -2242.99 -0.342009 0 -0.939697 1 0
778.064 -0.250008 -2242.99 -0.939692 0 0.342021 1 -1
897.969 -0.250008 -2286.63 0.939693 0 -0.34202 1 0
897.969 -0.250008 -2286.63 0 -1 0 0 0
897.969 -0.250008 -2286.63 -0.342009 0 -0.939697 1 -1
16 18 14
22 14 18
7 11 3
1 3 11
6 15 10
13 10 15
19 4 23
2 23 4
0 9 21
12 21 9
8 5 17
20 17 5
LABEL box
MATERIAL 4
TEXTURE 0
GEOM 24 12 ; box
1066.35 299.3 -1824.4 0.772577 0 -0.634922 0 0
1066.35 299.3 -1824.4 0 1 0 0 0
1066.35 299.3 -1824.4 -0.650776 0 -0.75927 0 -1
1020.92 299.3 -1785.47 0 1 0 0 -1
1020.92 299.3 -1785.47 -0.650776 0 -0.75927 0 0
1020.92 299.3 -1785.47 -0.772576 0 0.634922 0 -1
1059.86 299.3 -1738.1 0.650778 0 0.759268 0 -1
1059.86 299.3 -1738.1 0 1 0 1 -1
1059.86 299.3 -1738.1 -0.772576 0 0.634922 0 0
1105.28 299.3 -1777.03 0.772577 0 -0.634922 0 -1
1105.28 299.3 -1777.03 0.650778 0 0.759268 0 0
1105.28 299.3 -1777.03 0 1 0 1 0
1105.28 0 -1777.03 0.772577 0 -0.634922 1 -1
1105.28 0 -1777.03 0.650778 0 0.759268 1 0
1105.28 0 -1777.03 0 -1 0 0 -1
1059.86 0 -1738.1 0.650778 0 0.759268 1 -1
1059.86 0 -1738.1 0 -1 0 1 -1
1059.86 0 -1738.1 -0.772576 0 0.634922 1 0
1020.92 0 -1785.47 0 -1 0 1 0
1020.92 0 -1785.47 -0.650776 0 -0.75927 1 0
1020.92 0 -1785.47 -0.772576 0 0.634922 1 -1
1066.35 0 -1824.4 0.772577 0 -0.634922 1 0
1066.35 0 -1824.4 0 -1 0 0 0
1066.35 0 -1824.4 -0.650776 0 -0.75927 1 -1
16 18 14
22 14 18
7 11 3
1 3 11
6 15 10
13 10 15
19 4 23
2 23 4
0 9 21
12 21 9
8 5 17
20 17 5
LABEL box
MATERIAL 4
TEXTURE 0
GEOM 24 12 ; box
1615.75 36.65 -2381.82 0.939693 0 -0.34202 1 -1
1615.75 36.65 -2381.82 0.342023 0 0.939692 1 0
1615.75 36.65 -2381.82 0 -1 0 1 -1
1444.74 36.65 -2851.67 0.939693 0 -0.34202 1 0
1444.74 36.65 -2851.67 0 -1 0 0 -1
1444.74 36.65 -2851.67 -0.341988 0 -0.939704 1 -1
1444.74 46.65 -2851.67 0.939693 0 -0.34202 0 0
1444.74 46.65 -2851.67 0 1 0 1 0
1444.74 46.65 -2851.67 -0.341988 0 -0.939704 0 -1
1615.75 46.65 -2381.82 0.939693 0 -0.34202 0 -1
1615.75 46.65 -2381.82 0.342023 0 0.939692 0 0
1615.75 46.65 -2381.82 0 1 0 1 -1
1573.46 46.65 -2366.43 0.342023 0 0.939692 0 -1
1573.46 46.65 -2366.43 0 1 0 0 -1
1573.46 46.65 -2366.43 -0.939693 0 0.34202 0 0
1402.45 46.65 -2836.28 0 1 0 0 0
1402.45 46.65 -2836.28 -0.341988 0 -0.939704 0 0
1402.45 46.65 -2836.28 -0.939693 0 0.34202 0 -1
1402.45 36.65 -2836.28 0 -1 0 0 0
1402.45 36.65 -2836.28 -0.341988 0 -0.939704 1 0
1402.45 36.65 -2836.28 -0.939693 0 0.34202 1 -1
1573.46 36.65 -2366.43 0.342023 0 0.939692 1 -1
1573.46 36.65 -2366.43 0 -1 0 1 0
1573.46 36.65 -2366.43 -0.939693 0 0.34202 1 0
12 21 10
1 10 21
19 16 5
8 5 16
14 17 23
20 23 17
6 9 3
0 3 9
13 11 15
7 15 11
22 18 2
4 2 18
LABEL box
MATERIAL 4
TEXTURE 0
GEOM 24 12 ; box
1558.43 36.65 -2408.4 0.939703 0 -0.341993 1 0
1558.43 36.65 -2408.4 0 -1 0 0 0
1558.43 36.65 -2408.4 -0.342019 0 -0.939693 1 -1
1088.58 36.65 -2237.39 0 -1 0 1 0
1088.58 36.65 -2237.39 -0.342019 0 -0.939693 1 0
1088.58 36.65 -2237.39 -0.939692 0 0.342021 1 -1
1558.43 46.65 -2408.4 0.939703 0 -0.341993 0 0
1558.43 46.65 -2408.4 0 1 0 0 0
1558.43 46.65 -2408.4 -0.342019 0 -0.939693 0 -1
1088.58 46.65 -2237.39 0 1 0 0 -1
1088.58 46.65 -2237.39 -0.342019 0 -0.939693 0 0
1088.58 46.65 -2237.39 -0.939692 0 0.342021 0 -1
1103.97 46.65 -2195.1 0.34202 0 0.939693 0 -1
1103.97 46.65 -2195.1 0 1 0 1 -1
1103.97 46.65 -2195.1 -0.939692 0 0.342021 0 0
1573.82 46.65 -2366.11 0.939703 0 -0.341993 0 -1
1573.82 46.65 -2366.11 0.34202 0 0.939693 0 0
1573.82 46.65 -2366.11 0 1 0 1 0
1573.82 36.65 -2366.11 0.939703 0 -0.341993 1 -1
1573.82 36.65 -2366.11 0.34202 0 0.939693 1 0
1573.82 36.65 -2366.11 0 -1 0 0 -1
1103.97 36.65 -2195.1 0.34202 0 0.939693 1 -1
1103.97 36.65 -2195.1 0 -1 0 1 -1
1103.97 36.65 -2195.1 -0.939692 0 0.342021 1 0
22 3 20
1 20 3
13 17 9
7 9 17
12 21 16
19 16 21
4 10 2
8 2 10
6 15 0
18 0 15
14 11 23
5 23 11
LABEL box
MATERIAL 4
TEXTURE 0
GEOM 24 12 ; box
962.498 0 -2286.99 0.939693 0 -0.34202 1 0
962.498 0 -2286.99 0 -1 0 0 0
962.498 0 -2286.99 -0.342003 0 -0.939699 1 -1
962.498 83.3 -2286.99 0.939693 0 -0.34202 0 0
962.498 83.3 -2286.99 0 1 0 0 0
962.498 83.3 -2286.99 -0.342003 0 -0.939699 0 -1
920.212 83.3 -2271.6 0 1 0 0 -1
920.212 83.3 -2271.6 -0.342003 0 -0.939699 0 0
920.212 83.3 -2271.6 -0.939692 0 0.342021 0 -1
935.602 83.3 -2229.31 0.34202 0 0.939693 0 -1
935.602 83.3 -2229.31 0 1 0 1 -1
935.602 83.3 -2229.31 -0.939692 0 0.342021 0 0
977.889 83.3 -2244.7 0.939693 0 -0.34202 0 -1
977.889 83.3 -2244.7 0.34202 0 0.939693 0 0
977.889 83.3 -2244.7 0 1 0 1 0
977.889 0 -2244.7 0.939693 0 -0.34202 1 -1
977.889 0 -2244.7 0.34202 0 0.939693 1 0
977.889 0 -2244.7 0 -1 0 0 -1
935.602 0 -2229.31 0.34202 0 0.939693 1 -1
935.602 0 -2229.31 0 -1 0 1 -1
935.602 0 -2229.31 -0.939692 0 0.342021 1 0
920.212 0 -2271.6 0 -1 0 1 0
920.212 0 -2271.6 -0.342003 0 -0.939699 1 0
920.212 0 -2271.6 -0.939692 0 0.342021 1 -1
19 21 17
1 17 21
10 14 6
4 6 14
9 18 13
16 13 18
22 7 2
5 2 7
3 12 0
15 0 12
11 8 20
23 20 8
LABEL box
MATERIAL 4
TEXTURE 0
GEOM 24 12 ; box
1085.07 19.75 -2237.33 0.939693 0 -0.342021 0 0
1085.07 19.75 -2237.33 0 1 0 0 0
1085.07 19.75 -2237.33 -0.342009 0 -0.939697 0 -1
1085.07 -0.250008 -2237.33 0.939693 0 -0.342021 1 0
1085.07 -0.250008 -2237.33 0 -1 0 0 0
1085.07 -0.250008 -2237.33 -0.342009 0 -0.939697 1 -1
965.164 -0.250008 -2193.69 0 -1 0 1 0
965.164 -0.250008 -2193.69 -0.342009 0 -0.939697 1 0
965.164 -0.250008 -2193.69 -0.939692 0 0.342021 1 -1
1009.83 -0.250008 -2070.97 0.342021 0 0.939692 1 -1
1009.83 -0.250008 -2070.97 0 -1 0 1 -1
1009.83 -0.250008 -2070.97 -0.939692 0 0.342021 1 0
1129.74 -0.250008 -2114.61 0.939693 0 -0.342021 1 -1
1129.74 -0.250008 -2114.61 0.342021 0 0.939692 1 0
1129.74 -0.250008 -2114.61 0 -1 0 0 -1
1129.74 19.75 -2114.61 0.939693 0 -0.342021 0 -1
1129.74 19.75 -2114.61 0.342021 0 0.939692 0 0
1129.74 19.75 -2114.61 0 1 0 1 0
1009.83 19.75 -2070.97 0.342021 0 0.939692 0 -1
1009.83 19.75 -2070.97 0 1 0 1 -1
1009.83 19.75 -2070.97 -0.939692 0 0.342021 0 0
965.164 19.75 -2193.69 0 1 0 0 -1
965.164 19.75 -2193.69 -0.342009 0 -0.939697 0 0
965.164 19.75 -2193.69 -0.939692 0 0.342021 0 -1
20 23 11
8 11 23
0 15 3
12 3 15
7 22 5
2 5 22
18 9 16
13 16 9
19 17 21
1 21 17
10 6 14
4 14 6
LABEL box
MATERIAL 4
TEXTURE 0
GEOM 24 12 ; box
1159.95 0 -1170.45 1 0 0 1 0
1159.95 0 -1170.45 0 -1 0 0 0
1159.95 0 -1170.45 9.19205e-006 0 -1 1 -1
1159.95 40.8 -1170.45 1 0 0 0 0
1159.95 40.8 -1170.45 9.19205e-006 0 -1 0 -1
1159.95 40.8 -1170.45 0 1 0 0 0
1093.55 40.8 -1170.45 9.19205e-006 0 -1 0 0
1093.55 40.8 -1170.45 0 1 0 0 -1
1093.55 40.8 -1170.45 -1 0 0 0 -1
1093.55 40.8 -1097.95 5.51523e-006 0 1 0 -1
1093.55 40.8 -1097.95 0 1 0 1 -1
1093.55 40.8 -1097.95 -1 0 0 0 0
1159.95 40.8 -1097.95 1 0 0 0 -1
1159.95 40.8 -1097.95 5.51523e-006 0 1 0 0
1159.95 40.8 -1097.95 0 1 0 1 0
1159.95 0 -1097.95 1 0 0 1 -1
1159.95 0 -1097.95 0 -1 0 0 -1
1159.95 0 -1097.95 5.51523e-006 0 1 1 0
1093.55 0 -1097.95 0 -1 0 1 -1
1093.55 0 -1097.95 5.51523e-006 0 1 1 -1
1093.55 0 -1097.95 -1 0 0 1 0
1093.55 0 -1170.45 0 -1 0 1 0
1093.55 0 -1170.45 9.19205e-006 0 -1 1 0
1093.55 0 -1170.45 -1 0 0 1 -1
16 18 1
21 1 18
14 5 10
7 10 5
9 19 13
17 13 19
22 6 2
4 2 6
3 12 0
15 0 12
11 8 20
23 20 8
LABEL box
MATERIAL 4
TEXTURE 0
GEOM 24 12 ; box
627.698 83.3 -2100.29 0.939692 0 -0.342022 0 0
627.698 83.3 -2100.29 0 1 0 0 0
627.698 83.3 -2100.29 -0.342014 0 -0.939695 0 -1
627.698 0 -2100.29 0.939692 0 -0.342022 1 0
627.698 0 -2100.29 0 -1 0 0 0
627.698 0 -2100.29 -0.342014 0 -0.939695 1 -1
585.412 0 -2084.9 0 -1 0 1 0
585.412 0 -2084.9 -0.342014 0 -0.939695 1 0
585.412 0 -2084.9 -0.939692 0 0.342021 1 -1
600.802 0 -2042.61 0.342022 0 0.939692 1 -1
600.802 0 -2042.61 0 -1 0 1 -1
600.802 0 -2042.61 -0.939692 0 0.342021 1 0
643.089 0 -2058 0.939692 0 -0.342022 1 -1
643.089 0 -2058 0.342022 0 0.939692 1 0
643.089 0 -2058 0 -1 0 0 -1
643.089 83.3 -2058 0.939692 0 -0.342022 0 -1
643.089 83.3 -2058 0.342022 0 0.939692 0 0
643.089 83.3 -2058 0 1 0 1 0
600.802 83.3 -2042.61 0.342022 0 0.939692 0 -1
600.802 83.3 -2042.61 0 1 0 1 -1
600.802 83.3 -2042.61 -0.939692 0 0.342021 0 0
585.412 83.3 -2084.9 0 1 0 0 -1
585.412 83.3 -2084.9 -0.342014 0 -0.939695 0 0
585.412 83.3 -2084.9 -0.939692 0 0.342021 0 -1
20 23 11
8 11 23
0 15 3
12 3 15
7 22 5
2 5 22
18 9 16
13 16 9
19 17 21
1 21 17
10 6 14
4 14 6
LABEL box
MATERIAL 4
TEXTURE 0
GEOM 24 12 ; box
794.298 0 -2012.79 0.939693 0 -0.34202 1 0
794.298 0 -2012.79 0 -1 0 0 0
794.298 0 -2012.79 -0.342014 0 -0.939695 1 -1
794.298 179.2 -2012.79 0.939693 0 -0.34202 0 0
794.298 179.2 -2012.79 0 1 0 0 0
794.298 179.2 -2012.79 -0.342014 0 -0.939695 0 -1
752.012 179.2 -1997.4 0 1 0 0 -1
752.012 179.2 -1997.4 -0.342014 0 -0.939695 0 0
752.012 179.2 -1997.4 -0.939693 0 0.34202 0 -1
767.402 179.2 -1955.11 0.34202 0 0.939693 0 -1
767.402 179.2 -1955.11 0 1 0 1 -1
767.402 179.2 -1955.11 -0.939693 0 0.34202 0 0
809.689 179.2 -1970.5 0.939693 0 -0.34202 0 -1
809.689 179.2 -1970.5 0.34202 0 0.939693 0 0
809.689 179.2 -1970.5 0 1 0 1 0
809.689 0 -1970.5 0.939693 0 -0.34202 1 -1
809.689 0 -1970.5 0.34202 0 0.939693 1 0
809.689 0 -1970.5 0 -1 0 0 -1
767.402 0 -1955.11 0.34202 0 0.939693 1 -1
767.402 0 -1955.11 0 -1 0 1 -1
767.402 0 -1955.11 -0.939693 0 0.34202 1 0
752.012 0 -1997.4 0 -1 0 1 0
752.012 0 -1997.4 -0.342014 0 -0.939695 1 0
752.012 0 -1997.4 -0.939693 0 0.34202 1 -1
19 21 17
1 17 21
10 14 6
4 6 14
9 18 13
16 13 18
22 7 2
5 2 7
3 12 0
15 0 12
11 8 20
23 20 8
LABEL box
MATERIAL 4
TEXTURE 0
GEOM 24 12 ; box
836.298 83.3 -1883.19 0.939693 0 -0.34202 0 0
836.298 83.3 -1883.19 0 1 0 0 0
836.298 83.3 -1883.19 -0.342014 0 -0.939695 0 -1
836.298 0 -1883.19 0.939693 0 -0.34202 1 0
836.298 0 -1883.19 0 -1 0 0 0
836.298 0 -1883.19 -0.342014 0 -0.939695 1 -1
794.012 0 -1867.8 0 -1 0 1 0
794.012 0 -1867.8 -0.342014 0 -0.939695 1 0
794.012 0 -1867.8 -0.939693 0 0.34202 1 -1
809.402 0 -1825.51 0.34202 0 0.939693 1 -1
809.402 0 -1825.51 0 -1 0 1 -1
809.402 0 -1825.51 -0.939693 0 0.34202 1 0
851.689 0 -1840.9 0.939693 0 -0.34202 1 -1
851.689 0 -1840.9 0.34202 0 0.939693 1 0
851.689 0 -1840.9 0 -1 0 0 -1
851.689 83.3 -1840.9 0.939693 0 -0.34202 0 -1
851.689 83.3 -1840.9 0.34202 0 0.939693 0 0
851.689 83.3 -1840.9 0 1 0 1 0
809.402 83.3 -1825.51 0.34202 0 0.939693 0 -1
809.402 83.3 -1825.51 0 1 0 1 -1
809.402 83.3 -1825.51 -0.939693 0 0.34202 0 0
794.012 83.3 -1867.8 0 1 0 0 -1
794.012 83.3 -1867.8 -0.342014 0 -0.939695 0 0
794.012 83.3 -1867.8 -0.939693 0 0.34202 0 -1
20 23 11
8 11 23
0 15 3
12 3 15
7 22 5
2 5 22
18 9 16
13 16 9
19 17 21
1 21 17
10 6 14
4 14 6
LABEL box
MATERIAL 4
TEXTURE 0
GEOM 24 12 ; box
848.098 0 -1785.59 0.939693 0 -0.34202 1 0
848.098 0 -1785.59 0 -1 0 0 0
848.098 0 -1785.59 -0.342014 0 -0.939695 1 -1
848.098 83.3 -1785.59 0.939693 0 -0.34202 0 0
848.098 83.3 -1785.59 0 1 0 0 0
848.098 83.3 -1785.59 -0.342014 0 -0.939695 0 -1
805.812 83.3 -1770.2 0 1 0 0 -1
805.812 83.3 -1770.2 -0.342014 0 -0.939695 0 0
805.812 83.3 -1770.2 -0.939693 0 0.34202 0 -1
821.202 83.3 -1727.91 0.34202 0 0.939693 0 -1
821.202 83.3 -1727.91 0 1 0 1 -1
821.202 83.3 -1727.91 -0.939693 0 0.34202 0 0
863.489 83.3 -1743.3 0.939693 0 -0.34202 0 -1
863.489 83.3 -1743.3 0.34202 0 0.939693 0 0
863.489 83.3 -1743.3 0 1 0 1 0
863.489 0 -1743.3 0.939693 0 -0.34202 1 -1
863.489 0 -1743.3 0.34202 0 0.939693 1 0
863.489 0 -1743.3 0 -1 0 0 -1
821.202 0 -1727.91 0.34202 0 0.939693 1 -1
821.202 0 -1727.91 0 -1 0 1 -1
821.202 0 -1727.91 -0.939693 0 0.34202 1 0
805.812 0 -1770.2 0 -1 0 1 0
805.812 0 -1770.2 -0.342014 0 -0.939695 1 0
805.812 0 -1770.2 -0.939693 0 0.34202 1 -1
19 21 17
1 17 21
10 14 6
4 6 14
9 18 13
16 13 18
22 7 2
5 2 7
3 12 0
15 0 12
11 8 20
23 20 8
LABEL box
MATERIAL 4
TEXTURE 0
GEOM 24 12 ; box
627.698 111.6 -2207.79 0.939693 0 -0.34202 0 0
627.698 111.6 -2207.79 0 1 0 0 0
627.698 111.6 -2207.79 -0.342014 0 -0.939695 0 -1
627.698 0 -2207.79 0.939693 0 -0.34202 1 0
627.698 0 -2207.79 0 -1 0 0 0
627.698 0 -2207.79 -0.342014 0 -0.939695 1 -1
585.412 0 -2192.4 0 -1 0 1 0
585.412 0 -2192.4 -0.342014 0 -0.939695 1 0
585.412 0 -2192.4 -0.939693 0 0.34202 1 -1
600.802 0 -2150.11 0.34202 0 0.939693 1 -1
600.802 0 -2150.11 0 -1 0 1 -1
600.802 0 -2150.11 -0.939693 0 0.34202 1 0
643.089 0 -2165.5 0.939693 0 -0.34202 1 -1
643.089 0 -2165.5 0.34202 0 0.939693 1 0
643.089 0 -2165.5 0 -1 0 0 -1
643.089 111.6 -2165.5 0.939693 0 -0.34202 0 -1
643.089 111.6 -2165.5 0.34202 0 0.939693 0 0
643.089 111.6 -2165.5 0 1 0 1 0
600.802 111.6 -2150.11 0.34202 0 0.939693 0 -1
600.802 111.6 -2150.11 0 1 0 1 -1
600.802 111.6 -2150.11 -0.939693 0 0.34202 0 0
585.412 111.6 -2192.4 0 1 0 0 -1
585.412 111.6 -2192.4 -0.342014 0 -0.939695 0 0
585.412 111.6 -2192.4 -0.939693 0 0.34202 0 -1
20 23 11
8 11 23
0 15 3
12 3 15
7 22 5
2 5 22
18 9 16
13 16 9
19 17 21
1 21 17
10 6 14
4 14 6
LABEL box
MATERIAL 4
TEXTURE 0
GEOM 24 12 ; box
787.498 0 -2125.39 0.939693 0 -0.34202 1 0
787.498 0 -2125.39 0 -1 0 0 0
787.498 0 -2125.39 -0.342014 0 -0.939695 1 -1
787.498 157.6 -2125.39 0.939693 0 -0.34202 0 0
787.498 157.6 -2125.39 0 1 0 0 0
787.498 157.6 -2125.39 -0.342014 0 -0.939695 0 -1
745.212 157.6 -2110 0 1 0 0 -1
745.212 157.6 -2110 -0.342014 0 -0.939695 0 0
745.212 157.6 -2110 -0.939693 0 0.34202 0 -1
760.602 157.6 -2067.71 0.34202 0 0.939693 0 -1
760.602 157.6 -2067.71 0 1 0 1 -1
760.602 157.6 -2067.71 -0.939693 0 0.34202 0 0
802.889 157.6 -2083.1 0.939693 0 -0.34202 0 -1
802.889 157.6 -2083.1 0.34202 0 0.939693 0 0
802.889 157.6 -2083.1 0 1 0 1 0
802.889 0 -2083.1 0.939693 0 -0.34202 1 -1
802.889 0 -2083.1 0.34202 0 0.939693 1 0
802.889 0 -2083.1 0 -1 0 0 -1
760.602 0 -2067.71 0.34202 0 0.939693 1 -1
760.602 0 -2067.71 0 -1 0 1 -1
760.602 0 -2067.71 -0.939693 0 0.34202 1 0
745.212 0 -2110 0 -1 0 1 0
745.212 0 -2110 -0.342014 0 -0.939695 1 0
745.212 0 -2110 -0.939693 0 0.34202 1 -1
19 21 17
1 17 21
10 14 6
4 6 14
9 18 13
16 13 18
22 7 2
5 2 7
3 12 0
15 0 12
11 8 20
23 20 8
LABEL box
MATERIAL 2
TEXTURE 0
GEOM 24 12 ; box
-4187.2 37 544.1 1 0 0 0 0
-4187.2 37 544.1 0 0 -1 0 -1
-4187.2 37 544.1 0 1 0 0 0
-4187.2 0 544.1 1 0 0 1 0
-4187.2 0 544.1 0 -1 0 0 0
-4187.2 0 544.1 0 0 -1 1 -1
-4318.2 0 544.1 0 -1 0 1 0
-4318.2 0 544.1 0 0 -1 1 0
-4318.2 0 544.1 -1 0 0 1 -1
-4318.2 0 651.1 0 -1 0 1 -1
-4318.2 0 651.1 0 0 1 1 -1
-4318.2 0 651.1 -1 0 0 1 0
-4187.2 0 651.1 1 0 0 1 -1
-4187.2 0 651.1 0 -1 0 0 -1
-4187.2 0 651.1 0 0 1 1 0
-4187.2 37 651.1 1 0 0 0 -1
-4187.2 37 651.1 0 0 1 0 0
-4187.2 37 651.1 0 1 0 1 0
-4318.2 37 651.1 0 0 1 0 -1
-4318.2 37 651.1 0 1 0 1 -1
-4318.2 37 651.1 -1 0 0 0 0
-4318.2 37 544.1 0 0 -1 0 0
-4318.2 37 544.1 0 1 0 0 -1
-4318.2 37 544.1 -1 0 0 0 -1
20 23 11
8 11 23
0 15 3
12 3 15
7 21 5
1 5 21
18 10 16
14 16 10
19 17 22
2 22 17
13 9 4
6 4 9
LABEL box
MATERIAL 6
TEXTURE 0
GEOM 24 12 ; box
-4575.7 32 572.1 1 0 0 0 0
-4575.7 32 572.1 0 0 -1 0 -1
-4575.7 32 572.1 0 1 0 0 0
-4575.7 0 572.1 1 0 0 1 0
-4575.7 0 572.1 0 -1 0 0 0
-4575.7 0 572.1 0 0 -1 1 -1
-5004.2 0 572.1 0 -1 0 1 0
-5004.2 0 572.1 0 0 -1 1 0
-5004.2 0 572.1 -1 0 0 1 -1
-5004.2 0 591.1 0 -1 0 1 -1
-5004.2 0 591.1 0 0 1 1 -1
-5004.2 0 591.1 -1 0 0 1 0
-4575.7 0 591.1 1 0 0 1 -1
-4575.7 0 591.1 0 -1 0 0 -1
-4575.7 0 591.1 0 0 1 1 0
-4575.7 32 591.1 1 0 0 0 -1
-4575.7 32 591.1 0 0 1 0 0
-4575.7 32 591.1 0 1 0 1 0
-5004.2 32 591.1 0 0 1 0 -1
-5004.2 32 591.1 0 1 0 1 -1
-5004.2 32 591.1 -1 0 0 0 0
-5004.2 32 572.1 0 0 -1 0 0
-5004.2 32 572.1 0 1 0 0 -1
-5004.2 32 572.1 -1 0 0 0 -1
20 23 11
8 11 23
0 15 3
12 3 15
7 21 5
1 5 21
18 10 16
14 16 10
19 17 22
2 22 17
13 9 4
6 4 9
LABEL box
MATERIAL 2
TEXTURE 0
GEOM 24 12 ; box
-5171.2 37 223.1 1 0 0 0 0
-5171.2 37 223.1 0 0 -1 0 -1
-5171.2 37 223.1 0 1 0 0 0
-5171.2 0 223.1 1 0 0 1 0
-5171.2 0 223.1 0 -1 0 0 0
-5171.2 0 223.1 0 0 -1 1 -1
-5302.2 0 223.1 0 -1 0 1 0
-5302.2 0 223.1 0 0 -1 1 0
-5302.2 0 223.1 -1 0 0 1 -1
-5302.2 0 330.1 0 -1 0 1 -1
-5302.2 0 330.1 0 0 1 1 -1
-5302.2 0 330.1 -1 0 0 1 0
-5171.2 0 330.1 1 0 0 1 -1
-5171.2 0 330.1 0 -1 0 0 -1
-5171.2 0 330.1 0 0 1 1 0
-5171.2 37 330.1 1 0 0 0 -1
-5171.2 37 330.1 0 0 1 0 0
-5171.2 37 330.1 0 1 0 1 0
-5302.2 37 330.1 0 0 1 0 -1
-5302.2 37 330.1 0 1 0 1 -1
-5302.2 37 330.1 -1 0 0 0 0
-5302.2 37 223.1 0 0 -1 0 0
-5302.2 37 223.1 0 1 0 0 -1
-5302.2 37 223.1 -1 0 0 0 -1
20 23 11
8 11 23
0 15 3
12 3 15
7 21 5
1 5 21
18 10 16
14 16 10
19 17 22
2 22 17
13 9 4
6 4 9
LABEL box
MATERIAL 2
TEXTURE 0
GEOM 24 12 ; box
-5032.2 0 223.1 1 0 0 1 0
-5032.2 0 223.1 0 -1 0 0 0
-5032.2 0 223.1 0 0 -1 1 -1
-5032.2 37 223.1 1 0 0 0 0
-5032.2 37 223.1 0 0 -1 0 -1
-5032.2 37 223.1 0 1 0 0 0
-5163.2 37 223.1 0 0 -1 0 0
-5163.2 37 223.1 0 1 0 0 -1
-5163.2 37 223.1 -1 0 0 0 -1
-5163.2 37 330.1 0 0 1 0 -1
-5163.2 37 330.1 0 1 0 1 -1
-5163.2 37 330.1 -1 0 0 0 0
-5032.2 37 330.1 1 0 0 0 -1
-5032.2 37 330.1 0 0 1 0 0
-5032.2 37 330.1 0 1 0 1 0
-5032.2 0 330.1 1 0 0 1 -1
-5032.2 0 330.1 0 -1 0 0 -1
-5032.2 0 330.1 0 0 1 1 0
-5163.2 0 330.1 0 -1 0 1 -1
-5163.2 0 330.1 0 0 1 1 -1
-5163.2 0 330.1 -1 0 0 1 0
-5163.2 0 223.1 0 -1 0 1 0
-5163.2 0 223.1 0 0 -1 1 0
-5163.2 0 223.1 -1 0 0 1 -1
16 18 1
21 1 18
10 14 7
5 7 14
9 19 13
17 13 19
22 6 2
4 2 6
3 12 0
15 0 12
11 8 20
23 20 8
LABEL box
MATERIAL 2
TEXTURE 0
GEOM 24 12 ; box
-4891.2 37 223.1 1 0 0 0 0
-4891.2 37 223.1 0 0 -1 0 -1
-4891.2 37 223.1 0 1 0 0 0
-4891.2 0 223.1 1 0 0 1 0
-4891.2 0 223.1 0 -1 0 0 0
-4891.2 0 223.1 0 0 -1 1 -1
-5022.2 0 223.1 0 -1 0 1 0
-5022.2 0 223.1 0 0 -1 1 0
-5022.2 0 223.1 -1 0 0 1 -1
-5022.2 0 330.1 0 -1 0 1 -1
-5022.2 0 330.1 0 0 1 1 -1
-5022.2 0 330.1 -1 0 0 1 0
-4891.2 0 330.1 1 0 0 1 -1
-4891.2 0 330.1 0 -1 0 0 -1
-4891.2 0 330.1 0 0 1 1 0
-4891.2 37 330.1 1 0 0 0 -1
-4891.2 37 330.1 0 0 1 0 0
-4891.2 37 330.1 0 1 0 1 0
-5022.2 37 330.1 0 0 1 0 -1
-5022.2 37 330.1 0 1 0 1 -1
-5022.2 37 330.1 -1 0 0 0 0
-5022.2 37 223.1 0 0 -1 0 0
-5022.2 37 223.1 0 1 0 0 -1
-5022.2 37 223.1 -1 0 0 0 -1
20 23 11
8 11 23
0 15 3
12 3 15
7 21 5
1 5 21
18 10 16
14 16 10
19 17 22
2 22 17
13 9 4
6 4 9
LABEL box
MATERIAL 2
TEXTURE 0
GEOM 24 12 ; box
-4751.2 0 223.1 1 0 0 1 0
-4751.2 0 223.1 0 -1 0 0 0
-4751.2 0 223.1 0 0 -1 1 -1
-4751.2 37 223.1 1 0 0 0 0
-4751.2 37 223.1 0 0 -1 0 -1
-4751.2 37 223.1 0 1 0 0 0
-4882.2 37 223.1 0 0 -1 0 0
-4882.2 37 223.1 0 1 0 0 -1
-4882.2 37 223.1 -1 0 0 0 -1
-4882.2 37 330.1 0 0 1 0 -1
-4882.2 37 330.1 0 1 0 1 -1
-4882.2 37 330.1 -1 0 0 0 0
-4751.2 37 330.1 1 0 0 0 -1
-4751.2 37 330.1 0 0 1 0 0
-4751.2 37 330.1 0 1 0 1 0
-4751.2 0 330.1 1 0 0 1 -1
-4751.2 0 330.1 0 -1 0 0 -1
-4751.2 0 330.1 0 0 1 1 0
-4882.2 0 330.1 0 -1 0 1 -1
-4882.2 0 330.1 0 0 1 1 -1
-4882.2 0 330.1 -1 0 0 1 0
-4882.2 0 223.1 0 -1 0 1 0
-4882.2 0 223.1 0 0 -1 1 0
-4882.2 0 223.1 -1 0 0 1 -1
16 18 1
21 1 18
10 14 7
5 7 14
9 19 13
17 13 19
22 6 2
4 2 6
3 12 0
15 0 12
11 8 20
23 20 8
LABEL box
MATERIAL 2
TEXTURE 0
GEOM 24 12 ; box
-4613.2 37 223.1 1 0 0 0 0
-4613.2 37 223.1 0 0 -1 0 -1
-4613.2 37 223.1 0 1 0 0 0
-4613.2 0 223.1 1 0 0 1 0
-4613.2 0 223.1 0 -1 0 0 0
-4613.2 0 223.1 0 0 -1 1 -1
-4744.2 0 223.1 0 -1 0 1 0
-4744.2 0 223.1 0 0 -1 1 0
-4744.2 0 223.1 -1 0 0 1 -1
-4744.2 0 330.1 0 -1 0 1 -1
-4744.2 0 330.1 0 0 1 1 -1
-4744.2 0 330.1 -1 0 0 1 0
-4613.2 0 330.1 1 0 0 1 -1
-4613.2 0 330.1 0 -1 0 0 -1
-4613.2 0 330.1 0 0 1 1 0
-4613.2 37 330.1 1 0 0 0 -1
-4613.2 37 330.1 0 0 1 0 0
-4613.2 37 330.1 0 1 0 1 0
-4744.2 37 330.1 0 0 1 0 -1
-4744.2 37 330.1 0 1 0 1 -1
-4744.2 37 330.1 -1 0 0 0 0
-4744.2 37 223.1 0 0 -1 0 0
-4744.2 37 223.1 0 1 0 0 -1
-4744.2 37 223.1 -1 0 0 0 -1
20 23 11
8 11 23
0 15 3
12 3 15
7 21 5
1 5 21
18 10 16
14 16 10
19 17 22
2 22 17
13 9 4
6 4 9
LABEL box
MATERIAL 5
TEXTURE 0
GEOM 24 12 ; box
-12.2 0 126.6 1 0 0 1 0
-12.2 0 126.6 0 -1 0 0 0
-12.2 0 126.6 0 0 -1 1 -1
-12.2 38 126.6 1 0 0 0 0
-12.2 38 126.6 0 0 -1 0 -1
-12.2 38 126.6 0 1 0 0 0
-182.2 38 126.6 0 0 -1 0 0
-182.2 38 126.6 0 1 0 0 -1
-182.2 38 126.6 -1 0 0 0 -1
-182.2 38 270.6 0 0 1 0 -1
-182.2 38 270.6 0 1 0 1 -1
-182.2 38 270.6 -1 0 0 0 0
-12.2 38 270.6 1 0 0 0 -1
-12.2 38 270.6 0 0 1 0 0
-12.2 38 270.6 0 1 0 1 0
-12.2 0 270.6 1 0 0 1 -1
-12.2 0 270.6 0 -1 0 0 -1
-12.2 0 270.6 0 0 1 1 0
-182.2 0 270.6 0 -1 0 1 -1
-182.2 0 270.6 0 0 1 1 -1
-182.2 0 270.6 -1 0 0 1 0
-182.2 0 126.6 0 -1 0 1 0
-182.2 0 126.6 0 0 -1 1 0
-182.2 0 126.6 -1 0 0 1 -1
16 18 1
21 1 18
10 14 7
5 7 14
9 19 13
17 13 19
22 6 2
4 2 6
3 12 0
15 0 12
11 8 20
23 20 8
LABEL box
MATERIAL 5
TEXTURE 0
GEOM 24 12 ; box
-191.2 0 126.6 1 0 0 1 0
-191.2 0 126.6 0 -1 0 0 0
-191.2 0 126.6 0 0 -1 1 -1
-361.2 0 126.6 0 -1 0 1 0
-361.2 0 126.6 0 0 -1 1 0
-361.2 0 126.6 -1 0 0 1 -1
-361.2 0 270.6 0 -1 0 1 -1
-361.2 0 270.6 0 0 1 1 -1
-361.2 0 270.6 -1 0 0 1 0
-191.2 0 270.6 1 0 0 1 -1
-191.2 0 270.6 0 -1 0 0 -1
-191.2 0 270.6 0 0 1 1 0
-191.2 38 270.6 1 0 0 0 -1
-191.2 38 270.6 0 0 1 0 0
-191.2 38 270.6 0 1 0 1 0
-361.2 38 270.6 0 0 1 0 -1
-361.2 38 270.6 0 1 0 1 -1
-361.2 38 270.6 -1 0 0 0 0
-361.2 38 126.6 0 0 -1 0 0
-361.2 38 126.6 0 1 0 0 -1
-361.2 38 126.6 -1 0 0 0 -1
-191.2 38 126.6 1 0 0 0 0
-191.2 38 126.6 0 0 -1 0 -1
-191.2 38 126.6 0 1 0 0 0
17 20 8
5 8 20
21 12 0
9 0 12
4 18 2
22 2 18
15 7 13
11 13 7
16 14 19
23 19 14
10 6 1
3 1 6
LABEL box
MATERIAL 5
TEXTURE 0
GEOM 24 12 ; box
-372.2 38 126.6 1 0 0 0 0
-372.2 38 126.6 0 0 -1 0 -1
-372.2 38 126.6 0 1 0 0 0
-542.2 38 126.6 0 0 -1 0 0
-542.2 38 126.6 0 1 0 0 -1
-542.2 38 126.6 -1 0 0 0 -1
-542.2 38 270.6 0 0 1 0 -1
-542.2 38 270.6 0 1 0 1 -1
-542.2 38 270.6 -1 0 0 0 0
-372.2 38 270.6 1 0 0 0 -1
-372.2 38 270.6 0 0 1 0 0
-372.2 38 270.6 0 1 0 1 0
-372.2 0 270.6 1 0 0 1 -1
-372.2 0 270.6 0 -1 0 0 -1
-372.2 0 270.6 0 0 1 1 0
-542.2 0 270.6 0 -1 0 1 -1
-542.2 0 270.6 0 0 1 1 -1
-542.2 0 270.6 -1 0 0 1 0
-542.2 0 126.6 0 -1 0 1 0
-542.2 0 126.6 0 0 -1 1 0
-542.2 0 126.6 -1 0 0 1 -1
-372.2 0 126.6 1 0 0 1 0
-372.2 0 126.6 0 -1 0 0 0
-372.2 0 126.6 0 0 -1 1 -1
13 15 22
18 22 15
7 11 4
2 4 11
6 16 10
14 10 16
19 3 23
1 23 3
0 9 21
12 21 9
8 5 17
20 17 5
LABEL box
MATERIAL 5
TEXTURE 0
GEOM 24 12 ; box
-551.2 0 126.6 1 0 0 1 0
-551.2 0 126.6 0 -1 0 0 0
-551.2 0 126.6 0 0 -1 1 -1
-721.2 0 126.6 0 -1 0 1 0
-721.2 0 126.6 0 0 -1 1 0
-721.2 0 126.6 -1 0 0 1 -1
-721.2 0 270.6 0 -1 0 1 -1
-721.2 0 270.6 0 0 1 1 -1
-721.2 0 270.6 -1 0 0 1 0
-551.2 0 270.6 1 0 0 1 -1
-551.2 0 270.6 0 -1 0 0 -1
-551.2 0 270.6 0 0 1 1 0
-551.2 38 270.6 1 0 0 0 -1
-551.2 38 270.6 0 0 1 0 0
-551.2 38 270.6 0 1 0 1 0
-721.2 38 270.6 0 0 1 0 -1
-721.2 38 270.6 0 1 0 1 -1
-721.2 38 270.6 -1 0 0 0 0
-721.2 38 126.6 0 0 -1 0 0
-721.2 38 126.6 0 1 0 0 -1
-721.2 38 126.6 -1 0 0 0 -1
-551.2 38 126.6 1 0 0 0 0
-551.2 38 126.6 0 0 -1 0 -1
-551.2 38 126.6 0 1 0 0 0
17 20 8
5 8 20
21 12 0
9 0 12
4 18 2
22 2 18
15 7 13
11 13 7
16 14 19
23 19 14
10 6 1
3 1 6
LABEL box
MATERIAL 5
TEXTURE 0
GEOM 24 12 ; box
-730.2 38 126.6 1 0 0 0 0
-730.2 38 126.6 0 0 -1 0 -1
-730.2 38 126.6 0 1 0 0 0
-900.2 38 126.6 0 0 -1 0 0
-900.2 38 126.6 0 1 0 0 -1
-900.2 38 126.6 -1 0 0 0 -1
-900.2 38 270.6 0 0 1 0 -1
-900.2 38 270.6 0 1 0 1 -1
-900.2 38 270.6 -1 0 0 0 0
-730.2 38 270.6 1 0 0 0 -1
-730.2 38 270.6 0 0 1 0 0
-730.2 38 270.6 0 1 0 1 0
-730.2 0 270.6 1 0 0 1 -1
-730.2 0 270.6 0 -1 0 0 -1
-730.2 0 270.6 0 0 1 1 0
-900.2 0 270.6 0 -1 0 1 -1
-900.2 0 270.6 0 0 1 1 -1
-900.2 0 270.6 -1 0 0 1 0
-900.2 0 126.6 0 -1 0 1 0
-900.2 0 126.6 0 0 -1 1 0
-900.2 0 126.6 -1 0 0 1 -1
-730.2 0 126.6 1 0 0 1 0
-730.2 0 126.6 0 -1 0 0 0
-730.2 0 126.6 0 0 -1 1 -1
13 15 22
18 22 15
7 11 4
2 4 11
6 16 10
14 10 16
19 3 23
1 23 3
0 9 21
12 21 9
8 5 17
20 17 5
LABEL box
MATERIAL 2
TEXTURE 0
GEOM 24 12 ; box
-4475.2 37 223.1 1 0 0 0 0
-4475.2 37 223.1 0 0 -1 0 -1
-4475.2 37 223.1 0 1 0 0 0
-4606.2 37 223.1 0 0 -1 0 0
-4606.2 37 223.1 0 1 0 0 -1
-4606.2 37 223.1 -1 0 0 0 -1
-4606.2 37 330.1 0 0 1 0 -1
-4606.2 37 330.1 0 1 0 1 -1
-4606.2 37 330.1 -1 0 0 0 0
-4475.2 37 330.1 1 0 0 0 -1
-4475.2 37 330.1 0 0 1 0 0
-4475.2 37 330.1 0 1 0 1 0
-4475.2 0 330.1 1 0 0 1 -1
-4475.2 0 330.1 0 -1 0 0 -1
-4475.2 0 330.1 0 0 1 1 0
-4606.2 0 330.1 0 -1 0 1 -1
-4606.2 0 330.1 0 0 1 1 -1
-4606.2 0 330.1 -1 0 0 1 0
-4606.2 0 223.1 0 -1 0 1 0
-4606.2 0 223.1 0 0 -1 1 0
-4606.2 0 223.1 -1 0 0 1 -1
-4475.2 0 223.1 1 0 0 1 0
-4475.2 0 223.1 0 -1 0 0 0
-4475.2 0 223.1 0 0 -1 1 -1
13 15 22
18 22 15
7 11 4
2 4 11
6 16 10
14 10 16
19 3 23
1 23 3
0 9 21
12 21 9
8 5 17
20 17 5
LABEL box
MATERIAL 6
TEXTURE 0
GEOM 24 12 ; box
-5004.2 120 484.9 1 0 0 0 0
-5004.2 120 484.9 0 0 -1 0 -1
-5004.2 120 484.9 0 1 0 0 0
-5250.2 120 484.9 0 0 -1 0 0
-5250.2 120 484.9 0 1 0 0 -1
-5250.2 120 484.9 -1 0 0 0 -1
-5250.2 120 646.5 0 0 1 0 -1
-5250.2 120 646.5 0 1 0 1 -1
-5250.2 120 646.5 -1 0 0 0 0
-5004.2 120 646.5 1 0 0 0 -1
-5004.2 120 646.5 0 0 1 0 0
-5004.2 120 646.5 0 1 0 1 0
-5004.2 0 646.5 1 0 0 1 -1
-5004.2 0 646.5 0 -1 0 0 -1
-5004.2 0 646.5 0 0 1 1 0
-5250.2 0 646.5 0 -1 0 1 -1
-5250.2 0 646.5 0 0 1 1 -1
-5250.2 0 646.5 -1 0 0 1 0
-5250.2 0 484.9 0 -1 0 1 0
-5250.2 0 484.9 0 0 -1 1 0
-5250.2 0 484.9 -1 0 0 1 -1
-5004.2 0 484.9 1 0 0 1 0
-5004.2 0 484.9 0 -1 0 0 0
-5004.2 0 484.9 0 0 -1 1 -1
13 15 22
18 22 15
7 11 4
2 4 11
6 16 10
14 10 16
19 3 23
1 23 3
0 9 21
12 21 9
8 5 17
20 17 5
LABEL box
MATERIAL 4
TEXTURE 0
GEOM 24 12 ; box
-1850.9 120 1418.2 1 0 0 0 0
-1850.9 120 1418.2 0 0 -1 0 -1
-1850.9 120 1418.2 0 1 0 0 0
-2100.9 120 1418.2 0 0 -1 0 0
-2100.9 120 1418.2 0 1 0 0 -1
-2100.9 120 1418.2 -1 0 0 0 -1
-2100.9 120 1668.2 0 0 1 0 -1
-2100.9 120 1668.2 0 1 0 1 -1
-2100.9 120 1668.2 -1 0 0 0 0
-1850.9 120 1668.2 1 0 0 0 -1
-1850.9 120 1668.2 0 0 1 0 0
-1850.9 120 1668.2 0 1 0 1 0
-1850.9 0 1668.2 1 0 0 1 -1
-1850.9 0 1668.2 0 -1 0 0 -1
-1850.9 0 1668.2 0 0 1 1 0
-2100.9 0 1668.2 0 -1 0 1 -1
-2100.9 0 1668.2 0 0 1 1 -1
-2100.9 0 1668.2 -1 0 0 1 0
-2100.9 0 1418.2 0 -1 0 1 0
-2100.9 0 1418.2 0 0 -1 1 0
-2100.9 0 1418.2 -1 0 0 1 -1
-1850.9 0 1418.2 1 0 0 1 0
-1850.9 0 1418.2 0 -1 0 0 0
-1850.9 0 1418.2 0 0 -1 1 -1
13 15 22
18 22 15
7 11 4
2 4 11
6 16 10
14 10 16
19 3 23
1 23 3
0 9 21
12 21 9
8 5 17
20 17 5
LABEL box
MATERIAL 4
TEXTURE 0
GEOM 24 12 ; box
-1955.25 120.1 2703.35 1 0 0 0 0
-1955.25 120.1 2703.35 0 0 -1 0 -1
-1955.25 120.1 2703.35 0 1 0 0 0
-1980.25 120.1 2703.35 0 0 -1 0 0
-1980.25 120.1 2703.35 0 1 0 0 -1
-1980.25 120.1 2703.35 -1 0 0 0 -1
-1980.25 120.1 2728.35 0 0 1 0 -1
-1980.25 120.1 2728.35 0 1 0 1 -1
-1980.25 120.1 2728.35 -1 0 0 0 0
-1955.25 120.1 2728.35 1 0 0 0 -1
-1955.25 120.1 2728.35 0 0 1 0 0
-1955.25 120.1 2728.35 0 1 0 1 0
-1955.25 0.0999985 2728.35 1 0 0 1 -1
-1955.25 0.0999985 2728.35 0 -1 0 0 -1
-1955.25 0.0999985 2728.35 0 0 1 1 0
-1980.25 0.0999985 2728.35 0 -1 0 1 -1
-1980.25 0.0999985 2728.35 0 0 1 1 -1
-1980.25 0.0999985 2728.35 -1 0 0 1 0
-1980.25 0.0999985 2703.35 0 -1 0 1 0
-1980.25 0.0999985 2703.35 0 0 -1 1 0
-1980.25 0.0999985 2703.35 -1 0 0 1 -1
-1955.25 0.0999985 2703.35 1 0 0 1 0
-1955.25 0.0999985 2703.35 0 -1 0 0 0
-1955.25 0.0999985 2703.35 0 0 -1 1 -1
13 15 22
18 22 15
7 11 4
2 4 11
6 16 10
14 10 16
19 3 23
1 23 3
0 9 21
12 21 9
8 5 17
20 17 5
LABEL box
MATERIAL 4
TEXTURE 0
GEOM 24 12 ; box
-1953.6 1 1668.2 1 0 0 0 0
-1953.6 1 1668.2 0 0 -1 0 -1
-1953.6 1 1668.2 0 1 0 0 0
-1983.6 1 1668.2 0 0 -1 0 0
-1983.6 1 1668.2 0 1 0 0 -1
-1983.6 1 1668.2 -1 0 0 0 -1
-1983.6 1 2668.2 0 0 1 0 -1
-1983.6 1 2668.2 0 1 0 1 -1
-1983.6 1 2668.2 -1 0 0 0 0
-1953.6 1 2668.2 1 0 0 0 -1
-1953.6 1 2668.2 0 0 1 0 0
-1953.6 1 2668.2 0 1 0 1 0
-1953.6 0 2668.2 1 0 0 1 -1
-1953.6 0 2668.2 0 -1 0 0 -1
-1953.6 0 2668.2 0 0 1 1 0
-1983.6 0 2668.2 0 -1 0 1 -1
-1983.6 0 2668.2 0 0 1 1 -1
-1983.6 0 2668.2 -1 0 0 1 0
-1983.6 0 1668.2 0 -1 0 1 0
-1983.6 0 1668.2 0 0 -1 1 0
-1983.6 0 1668.2 -1 0 0 1 -1
-1953.6 0 1668.2 1 0 0 1 0
-1953.6 0 1668.2 0 -1 0 0 0
-1953.6 0 1668.2 0 0 -1 1 -1
13 15 22
18 22 15
7 11 4
2 4 11
6 16 10
14 10 16
19 3 23
1 23 3
0 9 21
12 21 9
8 5 17
20 17 5
LABEL box
MATERIAL 4
TEXTURE 0
GEOM 24 12 ; box
-1928.8 9.9 2668.2 1 0 0 0 0
-1928.8 9.9 2668.2 0 0 -1 0 -1
-1928.8 9.9 2668.2 0 1 0 0 0
-2006.8 9.9 2668.2 0 0 -1 0 0
-2006.8 9.9 2668.2 0 1 0 0 -1
-2006.8 9.9 2668.2 -1 0 0 0 -1
-2006.8 9.9 2739.5 0 0 1 0 -1
-2006.8 9.9 2739.5 0 1 0 1 -1
-2006.8 9.9 2739.5 -1 0 0 0 0
-1928.8 9.9 2739.5 1 0 0 0 -1
-1928.8 9.9 2739.5 0 0 1 0 0
-1928.8 9.9 2739.5 0 1 0 1 0
-1928.8 -0.8 2739.5 1 0 0 1 -1
-1928.8 -0.8 2739.5 0 -1 0 0 -1
-1928.8 -0.8 2739.5 0 0 1 1 0
-2006.8 -0.8 2739.5 0 -1 0 1 -1
-2006.8 -0.8 2739.5 0 0 1 1 -1
-2006.8 -0.8 2739.5 -1 0 0 1 0
-2006.8 -0.8 2668.2 0 -1 0 1 0
-2006.8 -0.8 2668.2 0 0 -1 1 0
-2006.8 -0.8 2668.2 -1 0 0 1 -1
-1928.8 -0.8 2668.2 1 0 0 1 0
-1928.8 -0.8 2668.2 0 -1 0 0 0
-1928.8 -0.8 2668.2 0 0 -1 1 -1
13 15 22
18 22 15
7 11 4
2 4 11
6 16 10
14 10 16
19 3 23
1 23 3
0 9 21
12 21 9
8 5 17
20 17 5
LABEL box
MATERIAL 3
TEXTURE 0
GEOM 24 12 ; box
-747.3 40 553.8 1 0 0 0 0
-747.3 40 553.8 0 0 -1 0 -1
-747.3 40 553.8 0 1 0 0 0
-858.3 40 553.8 0 0 -1 0 0
-858.3 40 553.8 0 1 0 0 -1
-858.3 40 553.8 -1 0 0 0 -1
-858.3 40 654 0 0 1 0 -1
-858.3 40 654 0 1 0 1 -1
-858.3 40 654 -1 0 0 0 0
-747.3 40 654 1 0 0 0 -1
-747.3 40 654 0 0 1 0 0
-747.3 40 654 0 1 0 1 0
-747.3 0 654 1 0 0 1 -1
-747.3 0 654 0 -1 0 0 -1
-747.3 0 654 0 0 1 1 0
-858.3 0 654 0 -1 0 1 -1
-858.3 0 654 0 0 1 1 -1
-858.3 0 654 -1 0 0 1 0
-858.3 0 553.8 0 -1 0 1 0
-858.3 0 553.8 0 0 -1 1 0
-858.3 0 553.8 -1 0 0 1 -1
-747.3 0 553.8 1 0 0 1 0
-747.3 0 553.8 0 -1 0 0 0
-747.3 0 553.8 0 0 -1 1 -1
13 15 22
18 22 15
7 11 4
2 4 11
6 16 10
14 10 16
19 3 23
1 23 3
0 9 21
12 21 9
8 5 17
20 17 5
LABEL box
MATERIAL 3
TEXTURE 0
GEOM 24 12 ; box
-574.9 0 553.8 1 0 0 1 0
-574.9 0 553.8 0 -1 0 0 0
-574.9 0 553.8 0 0 -1 1 -1
-685.9 0 553.8 0 -1 0 1 0
-685.9 0 553.8 0 0 -1 1 0
-685.9 0 553.8 -1 0 0 1 -1
-685.9 0 654 0 -1 0 1 -1
-685.9 0 654 0 0 1 1 -1
-685.9 0 654 -1 0 0 1 0
-574.9 0 654 1 0 0 1 -1
-574.9 0 654 0 -1 0 0 -1
-574.9 0 654 0 0 1 1 0
-574.9 40 654 1 0 0 0 -1
-574.9 40 654 0 0 1 0 0
-574.9 40 654 0 1 0 1 0
-685.9 40 654 0 0 1 0 -1
-685.9 40 654 0 1 0 1 -1
-685.9 40 654 -1 0 0 0 0
-685.9 40 553.8 0 0 -1 0 0
-685.9 40 553.8 0 1 0 0 -1
-685.9 40 553.8 -1 0 0 0 -1
-574.9 40 553.8 1 0 0 0 0
-574.9 40 553.8 0 0 -1 0 -1
-574.9 40 553.8 0 1 0 0 0
17 20 8
5 8 20
21 12 0
9 0 12
4 18 2
22 2 18
15 7 13
11 13 7
16 14 19
23 19 14
10 6 1
3 1 6
LABEL box
MATERIAL 3
TEXTURE 0
GEOM 24 12 ; box
-415.8 40 553.8 1 0 0 0 0
-415.8 40 553.8 0 0 -1 0 -1
-415.8 40 553.8 0 1 0 0 0
-526.8 40 553.8 0 0 -1 0 0
-526.8 40 553.8 0 1 0 0 -1
-526.8 40 553.8 -1 0 0 0 -1
-526.8 40 654 0 0 1 0 -1
-526.8 40 654 0 1 0 1 -1
-526.8 40 654 -1 0 0 0 0
-415.8 40 654 1 0 0 0 -1
-415.8 40 654 0 0 1 0 0
-415.8 40 654 0 1 0 1 0
-415.8 0 654 1 0 0 1 -1
-415.8 0 654 0 -1 0 0 -1
-415.8 0 654 0 0 1 1 0
-526.8 0 654 0 -1 0 1 -1
-526.8 0 654 0 0 1 1 -1
-526.8 0 654 -1 0 0 1 0
-526.8 0 553.8 0 -1 0 1 0
-526.8 0 553.8 0 0 -1 1 0
-526.8 0 553.8 -1 0 0 1 -1
-415.8 0 553.8 1 0 0 1 0
-415.8 0 553.8 0 -1 0 0 0
-415.8 0 553.8 0 0 -1 1 -1
13 15 22
18 22 15
7 11 4
2 4 11
6 16 10
14 10 16
19 3 23
1 23 3
0 9 21
12 21 9
8 5 17
20 17 5
LABEL box
MATERIAL 3
TEXTURE 0
GEOM 24 12 ; box
-256.7 0 553.8 1 0 0 1 0
-256.7 0 553.8 0 -1 0 0 0
-256.7 0 553.8 0 0 -1 1 -1
-367.7 0 553.8 0 -1 0 1 0
-367.7 0 553.8 0 0 -1 1 0
-367.7 0 553.8 -1 0 0 1 -1
-367.7 0 654 0 -1 0 1 -1
-367.7 0 654 0 0 1 1 -1
-367.7 0 654 -1 0 0 1 0
-256.7 0 654 1 0 0 1 -1
-256.7 0 654 0 -1 0 0 -1
-256.7 0 654 0 0 1 1 0
-256.7 40 654 1 0 0 0 -1
-256.7 40 654 0 0 1 0 0
-256.7 40 654 0 1 0 1 0
-367.7 40 654 0 0 1 0 -1
-367.7 40 654 0 1 0 1 -1
-367.7 40 654 -1 0 0 0 0
-367.7 40 553.8 0 0 -1 0 0
-367.7 40 553.8 0 1 0 0 -1
-367.7 40 553.8 -1 0 0 0 -1
-256.7 40 553.8 1 0 0 0 0
-256.7 40 553.8 0 0 -1 0 -1
-256.7 40 553.8 0 1 0 0 0
17 20 8
5 8 20
21 12 0
9 0 12
4 18 2
22 2 18
15 7 13
11 13 7
16 14 19
23 19 14
10 6 1
3 1 6
LABEL box
MATERIAL 3
TEXTURE 0
GEOM 24 12 ; box
-97.5 40 553.8 1 0 0 0 0
-97.5 40 553.8 0 0 -1 0 -1
-97.5 40 553.8 0 1 0 0 0
-208.5 40 553.8 0 0 -1 0 0
-208.5 40 553.8 0 1 0 0 -1
-208.5 40 553.8 -1 0 0 0 -1
-208.5 40 654 0 0 1 0 -1
-208.5 40 654 0 1 0 1 -1
-208.5 40 654 -1 0 0 0 0
-97.5 40 654 1 0 0 0 -1
-97.5 40 654 0 0 1 0 0
-97.5 40 654 0 1 0 1 0
-97.5 0 654 1 0 0 1 -1
-97.5 0 654 0 -1 0 0 -1
-97.5 0 654 0 0 1 1 0
-208.5 0 654 0 -1 0 1 -1
-208.5 0 654 0 0 1 1 -1
-208.5 0 654 -1 0 0 1 0
-208.5 0 553.8 0 -1 0 1 0
-208.5 0 553.8 0 0 -1 1 0
-208.5 0 553.8 -1 0 0 1 -1
-97.5 0 553.8 1 0 0 1 0
-97.5 0 553.8 0 -1 0 0 0
-97.5 0 553.8 0 0 -1 1 -1
13 15 22
18 22 15
7 11 4
2 4 11
6 16 10
14 10 16
19 3 23
1 23 3
0 9 21
12 21 9
8 5 17
20 17 5
LABEL box
MATERIAL 4
TEXTURE 0
GEOM 24 12 ; box
-1576.85 0 1439.85 1 0 0 1 0
-1576.85 0 1439.85 0 -1 0 0 0
-1576.85 0 1439.85 0 0 -1 1 -1
-1621.85 0 1439.85 0 -1 0 1 0
-1621.85 0 1439.85 0 0 -1 1 0
-1621.85 0 1439.85 -1 0 0 1 -1
-1621.85 0 1484.85 0 -1 0 1 -1
-1621.85 0 1484.85 0 0 1 1 -1
-1621.85 0 1484.85 -1 0 0 1 0
-1576.85 0 1484.85 1 0 0 1 -1
-1576.85 0 1484.85 0 -1 0 0 -1
-1576.85 0 1484.85 0 0 1 1 0
-1576.85 83.3 1484.85 1 0 0 0 -1
-1576.85 83.3 1484.85 0 0 1 0 0
-1576.85 83.3 1484.85 0 1 0 1 0
-1621.85 83.3 1484.85 0 0 1 0 -1
-1621.85 83.3 1484.85 0 1 0 1 -1
-1621.85 83.3 1484.85 -1 0 0 0 0
-1621.85 83.3 1439.85 0 0 -1 0 0
-1621.85 83.3 1439.85 0 1 0 0 -1
-1621.85 83.3 1439.85 -1 0 0 0 -1
